-0.231570852908,1.37848250339,-0.422324961829,-0.15090619511
0.402081690944,1.85141843691,-0.813231321844,0.298169647569
0.78121972389,1.76938329761,-0.112640644257,0.0914686500309
0.000329485372953,1.48921279703,-0.1830160577,8.15731777306e-05
-0.610049228119,1.44373796048,0.157091549934,0.130000436695
-0.613363043888,1.71036711166,-0.405812865536,-0.240509910984
-0.398666928038,1.28406044845,-0.727365132852,-0.507382328436
0.992774410826,1.23221094512,-0.146249570776,0.318496940811
-0.140214812237,1.20193648924,-0.110839672603,-0.0318273286366
-0.01348376123,1.41274785325,0.259039141964,0.00524304024221
-0.584724830771,1.80537461733,0.0378567103849,0.0192487010495
-0.657101872051,1.52651932381,-0.754621933284,-0.599017697267
-0.204413528991,1.1739603593,0.205266731139,0.0895064931891
-0.621936912388,1.28657827828,-0.772633362367,-0.81990757313
-0.451897014215,1.3024445975,-0.367809258982,-0.281235244137
-0.349381486724,1.78402082762,-0.932506870611,-0.296728285607
-0.42219948829,1.64108187584,0.127831388392,0.0576841613938
0.830059880525,1.53837972344,-0.613772534226,0.704278668746
0.529443955782,1.29490967121,0.980592439283,-0.980788494097
-0.884452492439,1.40280781574,-0.535094981864,-0.662862882604
-0.868098823581,1.34847495013,-0.37719363974,-0.4970675799
-0.057864086866,1.26156704924,-0.872588281001,-0.0946266135013
-0.494674931393,1.73691604123,-0.564717387988,-0.264694961084
-0.428028258176,1.03120587866,0.298120537669,0.345217364496
-0.947105696042,1.51622343949,0.381052948783,0.430208816527
0.98095059348,1.77891937538,0.38690464314,-0.398932146654
0.203771044256,1.75549547119,0.72663341138,-0.147136606505
-0.244725988416,1.34928485088,-0.304038009799,-0.119680002975
0.733698557363,1.59410272057,-0.837143433406,0.782527781135
0.358343522211,1.02984866176,-0.248958583951,0.261727553734
-0.212350791539,1.11465713198,0.0787073839983,0.0395168478004
-0.507041241472,1.54712579178,-0.486318063751,-0.294139433627
0.537680574793,1.22847614983,0.47986117982,-0.542038525888
-0.992525216386,1.94646580304,0.0889447933218,0.0635905099369
-0.428500930726,1.61641912895,0.0157800083335,0.00744475492408
0.0264878121694,1.09657995943,0.363826938202,-0.0241064612689
-0.356101510635,1.05431383064,0.459492438223,0.426419771685
-0.944986786822,1.70196082763,0.788589565625,0.705153482777
0.735008890611,1.90500476855,-0.538118279619,0.352902269208
0.50975454465,1.10622018674,-0.543585565352,0.71579666877
-0.681967581409,1.55894997287,0.663853019418,0.52316816198
-0.0760301248149,1.49551832289,-0.8813168767,-0.0892002580905
0.135500137926,1.70061400205,0.826828675385,-0.11781211426
0.412418065,1.6752623217,-0.249967140234,0.114938923805
0.192008280385,1.99899203767,-0.325717525725,0.0478718400606
-0.624420409618,1.48549053178,-0.2154530938,-0.172149614991
0.988907250372,1.00925801027,0.127042874424,-0.410624877444
-0.37393649519,1.64352207453,0.379479263101,0.151919138253
-0.563968263123,1.12179128783,0.665943894672,0.847544184054
-0.699062957132,1.58680378371,0.935202345181,0.72803277974
-0.992967250118,1.25351280916,0.988402598451,1.70458071837
0.195535830936,1.03093229545,-0.178968032088,0.100748575767
0.20843894708,1.51018046711,-0.594567520367,0.166491349264
0.777519546483,1.7999000242,0.922467955533,-0.720177170442
-0.564033365441,1.42637366878,0.614579015232,0.483846258506
0.117794297886,1.053992707,-0.592833906556,0.19083123285
-0.91641801022,1.16912093965,-0.51649531769,-0.951660894733
-0.765358938237,1.95179370294,-0.543273417647,-0.304164503003
0.345467280469,1.18065509288,-0.311897213909,0.240194093074
-0.223266300068,1.23781777592,0.911660143383,0.389829135274
0.907896761385,1.87619215942,-0.98429052372,0.83764892165
-0.559550581514,1.28173802442,0.341310989953,0.330268312104
-0.886774039977,1.23597929751,0.839174314813,1.34234703001
-0.583028158378,1.51830234154,0.363660685606,0.260723791381
-0.356749284393,1.24659262877,0.21912237367,0.145713072934
-0.685366560562,1.47473736746,0.761059435524,0.673354777622
0.336567086891,1.27165873249,0.705310825242,-0.455722904057
-0.16529441586,1.3437237644,-0.872279154442,-0.235664937906
-0.539168145337,1.42402349055,0.317058119861,0.23996268904
0.634703208668,1.867872168,0.0157032364328,-0.00915093080053
0.628973196692,1.39795073647,0.503550147018,-0.51883015037
0.764512729374,1.30733763678,-0.0660805636793,0.0960161686241
-0.287641742233,1.05077272154,0.178578681212,0.135665482945
-0.160597217554,1.80228383699,-0.554580348221,-0.0809576952583
0.135817466579,1.23080690326,-0.108897347131,0.0296929422039
-0.107174658139,1.5272414504,-0.383355057422,-0.0522840694473
-0.547270073432,1.8211906073,-0.39870281433,-0.187120507116
0.959294839799,1.18201884809,0.970190170334,-2.2104419992
0.423584104845,1.44937738406,0.349694893173,-0.220894162946
-0.675041375428,1.23562029489,-0.970960777303,-1.20646214997
-0.994268161787,1.21674583767,-0.420902087646,-0.771329254172
-0.583211504683,1.50160552024,0.579101881724,0.424593288859
-0.25371738402,1.87889438752,0.842094705452,0.177070549506
0.704628684785,1.90098649703,-0.80719471242,0.50796650379
0.150469562611,1.48012740391,0.413514741823,-0.0865061899485
-0.422393001868,1.61758852342,0.834070935651,0.387558617119
-0.959908107791,1.37258265773,0.0773271562178,0.107844754436
0.806310458632,1.87658335022,-0.88274465499,0.659527779236
0.664004634092,1.32964037999,0.7347307455,-0.886730322342
0.236732312943,1.86122614774,-0.507508523272,0.106568450003
-0.248237268799,1.78713110855,-0.193558484074,-0.0440391015409
0.0595932232706,1.26895132385,-0.678264426082,0.0757570556827
-0.525607763533,1.51097990948,-0.802415352695,-0.526523420393
-0.0059190066618,1.99267963126,-0.993088479802,-0.00443839633892
-0.251835907112,1.28758150662,-0.24101847607,-0.107136668251
-0.535623000078,1.96598474301,0.519835650584,0.205128509633
-0.939299638217,1.64331805797,0.726642941423,0.693128402623
0.781520878919,1.39348773374,-0.828926593377,1.0857062447
0.797807623984,1.1791270292,-0.923012768871,1.72669109058
-0.12293685371,1.58900094713,0.750208609638,0.108250660002
0.351843553671,1.71800224521,0.337885757072,-0.125241698091
0.216033704583,1.04597971111,0.0906320533139,-0.0548735576419
-0.273246992872,1.74826108748,-0.941288009207,-0.245741701018
-0.684775875315,1.25328142554,-0.274937534732,-0.336543430602
-0.0322467350922,1.80686975718,0.924054736266,0.0272930957929
-0.120591222737,1.5689747302,0.602958507336,0.0875561383757
-0.887309937024,1.08343965018,0.313355702439,0.652685801841
0.867632405125,1.48380251552,-0.682899852236,0.884053295012
0.119382078948,1.8667078313,0.993203795565,-0.10331466177
-0.905689736322,1.38232149759,0.500482700871,0.652557085103
0.266694760611,1.20506815749,-0.811053701103,0.459094176635
-0.121209380134,1.81356970059,-0.586432951189,-0.0640582304977
0.793308295579,1.77201616557,-0.174264816721,0.143461049848
0.206403006984,1.45239554107,0.686794855685,-0.205850660844
0.674193627209,1.27344457014,-0.629956913938,0.842500676906
-0.830934266449,1.42486574198,-0.22978092409,-0.260488218489
-0.525686291888,1.4321378832,-0.880048384181,-0.642886592874
-0.00163308201847,1.38148260506,0.902583994152,0.00231662169723
-0.41093638392,1.95718365749,0.157376136308,0.0486498801132
0.80218376542,1.46989628954,-0.57005708238,0.690327784346
-0.0968214925776,1.57273863084,-0.688321539162,-0.0800546569654
0.637885581332,1.09183903864,-0.184207284458,0.315849111262
-0.583131335011,1.09098864445,0.437660767598,0.607813868866
-0.698250393933,1.55916466879,0.924930106776,0.744980031251
-0.672445803971,1.79538269048,-0.412012012536,-0.241607491039
0.0039179526418,1.21352172606,0.635549170041,-0.00507463334162
-0.961488911118,1.6143601391,-0.984440348347,-0.993995778229
0.81892315607,1.54830121784,0.274229235981,-0.306107257748
0.0147697343223,1.85788634022,-0.877694333992,0.0112834228822
0.243204016625,1.04928204713,-0.458030420775,0.311096132995
-0.920847273269,1.24324520757,0.91305722559,1.49429704504
-0.336047543912,1.73478937532,-0.432837406292,-0.14028097012
-0.978504955993,1.73097885194,-0.959448483229,-0.85620787667
0.0542644587046,1.71953880809,-0.484229061489,0.0268056726518
0.902473326166,1.62999803327,0.353112281303,-0.395522280914
-0.326155947123,1.5833333604,0.095466327326,0.0360838914405
0.946921514589,1.5600906557,-0.881357053076,1.13629518503
0.155721574785,1.71323292138,-0.876166521249,0.141657634574
-0.971868826034,1.83401949131,0.58182741716,0.459657751607
0.22880530348,1.75958687584,-0.80171015634,0.181901228371
-0.682766596226,1.32488305192,-0.0796378170329,-0.0869909429126
0.789514143869,1.23252845729,-0.910068436378,1.54056054464
0.77600256138,1.659803752,0.615553952689,-0.563920491705
0.770984520236,1.81299041606,-0.494011389111,0.376666922297
0.513771097784,1.24899936364,0.976011930422,-1.01654829502
0.88008891727,1.07522975524,-0.491498535463,1.2307699447
-0.629154684853,1.16917995597,0.163072202699,0.211834736544
-0.863001393709,1.72400972638,-0.0831689996519,-0.0666906531938
-0.358386520449,1.14063019974,-0.516129217174,-0.411765087759
-0.846163676448,1.09342499648,-0.501215915262,-0.981174688144
-0.905770752237,1.53079515899,0.863481268861,0.918125277182
0.559896044875,1.16444452438,-0.802655124413,1.0532785848
0.681847541344,1.25025452224,0.95673437688,-1.34361001581
-0.818194010025,1.997002595,0.0965161497089,0.0549117790976
-0.757687437493,1.30771101686,0.360170253368,0.445017096664
-0.372694522152,1.72858323609,-0.402299456389,-0.14512810624
0.235573594959,1.08037289834,0.654979631,-0.406145419513
0.878247227195,1.47579661431,-0.852495218939,1.1305731764
0.417257446545,1.65877258617,-0.38102960939,0.180892498314
0.858054274456,1.19359627911,-0.037138567891,0.0734019530293
-0.161502743109,1.62398614835,0.648987396372,0.117331558819
0.545738125328,1.4015224773,-0.169850052286,0.149741945757
0.110786810218,1.94909901435,-0.839457468468,0.0742640221806
-0.276031484334,1.09064057743,-0.349372814826,-0.236690188191
-0.388454207776,1.52388894049,-0.926951081993,-0.447775509175
-0.902551345972,1.80467672911,-0.447158397398,-0.340978963876
0.0197792060664,1.69292580865,0.504858024539,-0.0104732958667
-0.3890347027,1.48893156972,0.82869978819,0.419935076396
0.392656850334,1.99366757022,-0.91342120796,0.281771284848
0.243379711674,1.39711998518,0.988918522436,-0.379139754756
0.672898583706,1.83983133674,-0.201568305858,0.128881443692
0.799470000916,1.22095905197,-0.261334373237,0.456988129467
0.632532602676,1.46267502449,0.821433807297,-0.777783742474
0.445261664146,1.66303970774,0.236762845982,-0.119681238808
0.908986299286,1.37251855047,-0.178333323851,0.28396338081
-0.792112427546,1.06667308901,-0.209395986831,-0.405235326276
0.189445832735,1.33612101372,-0.949202269736,0.308020733329
-0.988247922239,1.70725500522,0.716604888652,0.66334840976
0.184225554987,1.71729694718,0.906336767249,-0.173039543436
0.182212273816,1.61713575699,-0.413071928655,0.0879463797827
-0.325832309454,1.10950120704,-0.712432427946,-0.547871178678
-0.28124421734,1.76717975941,-0.731853008551,-0.192318731693
-0.12368611748,1.89280819842,0.654814195747,0.0669897581069
-0.0864527625536,1.33749183413,0.977026742305,0.140438390608
-0.344314730196,1.63540733112,-0.410393058366,-0.153222751716
0.901243065885,1.12529042478,0.631963625785,-1.4830096019
-0.67208042585,1.43710470441,0.739246915164,0.676248182529
0.703519657421,1.08113274828,-0.223894219979,0.434874330317
0.409985533572,1.65224681353,-0.135224881266,0.0635297707348
0.737956642318,1.20095607304,0.703195241392,-1.16537841274
0.685801263308,1.71269650668,-0.300111920736,0.225993765196
0.888135771862,1.73496610931,-0.998803635749,0.970267535932
0.211273227151,1.83863829418,0.289452222577,-0.0554400739356
-0.967466143763,1.06295534571,-0.850445372549,-1.99189806561
-0.986170422609,1.71048510244,0.930231397194,0.85620803211
0.63306814434,1.74209770593,0.587910186497,-0.392771820758
0.658549462726,1.86019506488,-0.653228091628,0.39924842653
0.582875245198,1.08079549448,-0.504882660987,0.802568198604
0.663639624533,1.98942233098,-0.455652863514,0.245502593146
0.863695025465,1.27008729887,-0.0473968024528,0.0833283884031
-0.190992242193,1.41593465908,0.118134980134,0.0331293258566
-0.858129670194,1.7276810081,0.433326975519,0.344197535419
0.628407778525,1.21741611814,0.832332350241,-1.12971294085
0.202373225379,1.07253632458,0.663659859986,-0.357499096085
-0.916116944681,1.81248724809,-0.388139498368,-0.297469135876
-0.370106396439,1.68258276065,-0.829428389895,-0.313682766843
0.442130391875,1.09293505473,-0.572381477455,0.664978160669
-0.343732025984,1.5566014324,0.292634501012,0.120402267931
0.433994840066,1.88812565289,-0.579014063566,0.221056116829
0.920922780581,1.28411673013,0.0484049971251,-0.0893272473323
-0.54898411859,1.82857710455,-0.209788571975,-0.0979547879015
-0.407548678473,1.16613367128,0.441811917592,0.381674415023
-0.176251812862,1.22029547288,0.898969273082,0.31367640346
-0.206948400997,1.727050258,-0.376941723072,-0.0768690776773
0.0741212038602,1.03423452847,0.672207196953,-0.140786121126
0.961831652607,1.33890102324,0.553618527994,-0.985946983729
-0.789937877839,1.74047163221,0.66455117674,0.481825501848
0.726309361611,1.14718586938,-0.201057396074,0.358957282262
-0.265584390633,1.43461294413,-0.00388515924679,-0.00146514112263
-0.53236446614,1.61510455254,-0.897253704925,-0.521576977174
0.926665734976,1.37310823314,0.718073046579,-1.16690776992
0.322920310981,1.29984323179,0.352348184623,-0.208767256152
0.208420291947,1.40987820273,0.733009516815,-0.235480479654
-0.282586172033,1.59917064912,0.3068331977,0.098919640441
-0.757676361635,1.82348986841,0.123629778582,0.0785602578701
0.266899777391,1.88768604924,0.214024425123,-0.0494108218607
0.546980239841,1.82231914637,-0.315275275251,0.16480233608
0.12405224993,1.96246684564,-0.739802405292,0.0723866034137
-0.443373178186,1.34449344992,-0.720901096563,-0.507935046292
-0.637919019541,1.71308366449,-0.060476545534,-0.0370731897471
-0.318122036348,1.90368072572,-0.394675718504,-0.100731785269
0.51366983289,1.04911846671,-0.529222533172,0.781081485851
0.261318533106,1.14796361557,0.937609640881,-0.572739482353
-0.626478111422,1.27178927538,0.645599114319,0.70594426367
-0.940446841041,1.51578905771,-0.399944214977,-0.448892480485
0.338610139904,1.96055147693,-0.775677045071,0.212180782384
-0.796998338024,1.48119586806,-0.612220020598,-0.617956891458
0.24801923869,1.0925074789,-0.426762507776,0.27280429914
0.0034303471718,1.33996791415,-0.160443929056,0.000919904671178
0.283075706218,1.63202866263,-0.522404133599,0.171413915828
-0.57309031748,1.93570888246,0.348150011274,0.15108756132
-0.409758082909,1.97884050774,-0.0266806360019,-0.00804605025908
-0.196072559034,1.91166242355,-0.974574913054,-0.15385016809
-0.759473211569,1.59731603983,-0.021739382458,-0.0180429773345
0.0998535974247,1.37071132568,0.34785117227,-0.0560202216015
0.80646912139,1.6823017668,0.506863242721,-0.471313256014
0.941143653666,1.89182388014,-0.913802903009,0.795783494373
-0.531554514483,1.02590102338,-0.0218976152051,-0.0315037664591
0.634719458871,1.3808111125,0.168637283878,-0.179832146418
0.349051039952,1.34377432981,0.94853804215,-0.569957200475
-0.889291257754,1.27115074654,-0.389546708744,-0.590651198107
0.555876183394,1.13153946031,-0.558958304365,0.770863805728
0.450569513429,1.48580547897,0.690682759839,-0.442853713491
0.589178724805,1.62685987901,-0.27344568366,0.194049067402
-0.227186106682,1.3728756729,-0.273981380395,-0.0968736125041
0.861663258696,1.07782110641,0.503728975472,-1.22657818821
0.764213803922,1.30305346233,-0.840792974484,1.2292122147
0.575982528565,1.48625691601,-0.796176927023,0.660870388274
0.478434411247,1.90913510819,-0.552871184628,0.228657750606
0.624639512607,1.89810626775,0.541992577327,-0.300687257676
-0.504959493528,1.3042015382,-0.840800386934,-0.712831529519
-0.866278369167,1.92308016825,0.703415719973,0.454899217505
0.710886375523,1.96066831268,0.146250619878,-0.0873447137276
-0.327132293946,1.07824190618,-0.372210096126,-0.304243051822
-0.871881028884,1.36292844107,0.327985413979,0.424797755337
-0.335535928767,1.82521908877,0.178684008226,0.0522375699996
-0.75242089859,1.7060735054,-0.0145838317679,-0.0105184565354
0.418948175272,1.47173296464,-0.502966312897,0.30461355975
0.573789714224,1.70333406189,0.841067568413,-0.529380712364
0.144516000435,1.36577669769,-0.869876462117,0.205143335845
-0.290796893423,1.17899982519,0.604634267186,0.368745972922
0.197108704921,1.9818486039,0.771891052019,-0.118546279588
-0.270350841794,1.1158309962,-0.917598384707,-0.581995328889
0.919561633501,1.60526881758,-0.61692844285,0.727335084302
0.56136500814,1.27842043329,-0.665213580496,0.726224842752
-0.874865977898,1.4472497675,-0.845178956215,-0.973869057716
-0.949239667571,1.58968431634,-0.331957291361,-0.341643847641
-0.602665585966,1.45632274637,-0.178008124808,-0.143122246082
0.655111084882,1.9699250066,-0.424078784753,0.229831324442
0.957290575125,1.69208880344,-0.459957862935,0.510197359068
0.367133078567,1.41549049101,-0.372177229895,0.2123856143
-0.161466472949,1.50792063788,0.249616849811,0.0523316168032
-0.547470038971,1.11952695501,-0.632597936864,-0.785944670064
-0.910354501346,1.11919700981,-0.506575673226,-1.01233484247
-0.845902714073,1.5933292889,0.764559837981,0.704654728428
0.0317876833649,1.9726545989,0.465044265963,-0.0114328642996
-0.838438115985,1.77486351265,-0.036776528817,-0.02709357904
-0.229131543534,1.36885506768,0.136949838971,0.0491149788758
0.383012403418,1.4574263569,0.723803933369,-0.407139029834
-0.903722615738,1.0944651133,-0.596377271699,-1.2379378708
-0.274464430602,1.80281593533,0.290063309501,0.0715217533908
0.10090668764,1.61448291947,-0.84115000959,0.0986852695414
0.150823732569,1.25342840639,0.760129967278,-0.22226947205
-0.98118131936,1.7796152012,-0.625933707055,-0.529782476338
-0.742417108874,1.38230234033,-0.297729880443,-0.32306026981
0.0604258608956,1.86680833857,-0.209425402335,0.0109598905743
0.883513314216,1.74662362591,-0.902387560664,0.860005622184
-0.907775479087,1.03533792099,0.69385934693,1.61610923854
-0.730498891858,1.8836835928,-0.448942959795,-0.258402170669
-0.603585411442,1.36935171344,-0.867858637747,-0.790362309112
-0.564797665384,1.14318013585,-0.754831457524,-0.926346821689
0.15553007888,1.27969072426,-0.0846873541078,0.0245104808271
0.344534367493,1.54590535898,-0.73993003,0.331440388973
-0.230690574263,1.80403465751,-0.0468413722959,-0.00973612210644
0.0655763785366,1.97031451427,0.096722104708,-0.00493378969808
-0.366336005592,1.96890642995,-0.410846354001,-0.112358222877
0.661409948664,1.01320163482,0.431717815777,-0.89355003101
0.305956859206,1.07538704287,0.805174649042,-0.659230047901
0.628638269221,1.7367168652,0.502480347207,-0.335258969464
-0.878810250577,1.08994166778,-0.961083090476,-1.96060177598
0.992563233862,1.78476600216,0.575670929785,-0.597434016814
-0.116958534799,1.64602027208,0.277278631243,0.0354935342424
-0.533860512242,1.81168575867,-0.814858847278,-0.37746625708
0.486991472553,1.0772465658,0.831064159357,-1.09983881359
-0.696839324949,1.47129115256,-0.577017955687,-0.52094336938
-0.0485516743598,1.52890885279,-0.456929358542,-0.028333998634
-0.956541127958,1.12074463912,-0.0241667772005,-0.0503914467503
0.680180084698,1.92572397059,0.544866433417,-0.32169153068
-0.142026934359,1.37713597127,0.433059051359,0.0959313781447
-0.353771998928,1.2078518427,0.411530833841,0.289148644596
-0.809363010392,1.1115973911,-0.944808233858,-1.71756482301
0.273867087286,1.20131499536,-0.358362764793,0.209763528432
0.510241694719,1.86716257196,0.877056113392,-0.405793570152
0.861580061188,1.83627898966,-0.546149939658,0.458121150796
-0.368729967857,1.6438675814,0.259086072866,0.102285608326
0.757218251009,1.76416457676,-0.734749405143,0.580230665633
-0.610539788128,1.75820950248,-0.315582305891,-0.176225660664
-0.116423470705,1.64286017792,0.242098848474,0.0309689381393
-0.671131490815,1.93483097516,-0.667501920885,-0.336422363388
0.314516432065,1.18714680366,-0.0612274177493,0.042323383035
-0.365964867945,1.52206891301,0.179047398776,0.0818559591893
-0.924277973983,1.4503899245,-0.638988189198,-0.771000036382
0.62928168679,1.2081252879,0.72628852587,-1.00248688165
0.689519288068,1.53042699284,0.240858181983,-0.228471345512
-0.610090829374,1.43502277325,-0.706288351615,-0.591644875438
-0.993118352329,1.58149998372,0.913495921622,0.989850456693
-0.240496920634,1.93854738757,-0.502674845617,-0.0942419042937
0.00583143323566,1.06880388413,0.419025427272,-0.0064208751151
0.291826033113,1.03931731067,0.968708663287,-0.808731945191
0.146248780915,1.57701459013,-0.162348260023,0.0290661915845
-0.0128030288731,1.85970829514,0.768883338653,0.00852803748004
0.591047156931,1.98007845872,-0.0626012937313,0.0300898903931
-0.916543863932,1.89133144417,0.222624579585,0.156757082243
-0.208391899373,1.32047373253,-0.128740576969,-0.0452168882663
-0.211913306068,1.04061527931,0.975096339483,0.560582443055
0.34442658029,1.71154713727,0.0104661617804,-0.00382339843985
0.150537688476,1.59591916463,0.540209490812,-0.0972510737429
0.230985670744,1.35725890645,-0.316895718273,0.122024354259
-0.454545961496,1.65041817562,0.992747630996,0.475384202799
-0.938814973482,1.69591751042,-0.391109460714,-0.350122369343
-0.54359558608,1.9311483912,0.314663263193,0.130503808425
-0.486634933891,1.26799752333,0.373198993895,0.323140982649
0.400513321638,1.65064062014,0.190247025014,-0.087398308603
0.0773387503617,1.76759502197,0.449206210835,-0.0336178900672
0.782426060797,1.26906858518,0.826354957484,-1.30660519836
0.0504491658621,1.70944606658,-0.862211711733,0.0448822768812
-0.720908078565,1.30451108678,-0.0669793498555,-0.0793989855149
0.777640624546,1.32711840018,-0.286966349452,0.41216374286
-0.110142323972,1.6669139441,-0.725465941656,-0.0853314038231
0.339692059666,1.58642226461,0.496214959061,-0.207992626566
-0.882250702368,1.36800001005,0.460961180426,0.599082581565
0.367402306043,1.21869390794,-0.000325770266359,0.000250981593809
-0.660153536136,1.9940467251,-0.0995130376759,-0.0464956229836
0.0712184899719,1.48087997074,0.441932979779,-0.0433645412262
-0.980485229937,1.95497702243,0.744552211149,0.521858331609
-0.941904494765,1.88050146028,0.650232445364,0.474850052625
-0.130280640469,1.69067060715,-0.0373522177046,-0.00504171219249
-0.482345150764,1.06706885204,-0.354762542867,-0.430104106587
0.808002596799,1.91098325632,-0.473576451287,0.341979799522
-0.627992469728,1.45902592646,-0.875910385482,-0.729387153684
0.239759820185,1.71616189984,0.864283891487,-0.216260429221
0.834133754748,1.00465729995,-0.840917617497,2.27457885804
-0.675660677101,1.0285634326,-0.209133855983,-0.375333494141
-0.455492008574,1.53550451095,-0.955222451704,-0.529492570225
0.384162229726,1.10198659368,0.761643891232,-0.75170619852
0.651741392435,1.28818015338,0.113851463267,-0.143499784824
-0.865612378172,1.19323637135,-0.783300362282,-1.31481868412
0.602289904354,1.15985202428,0.836649975798,-1.19575836556
0.48738698848,1.99127761018,0.393801226076,-0.152654214569
-0.520107140465,1.68714910831,0.563535122963,0.293635096939
-0.12076313649,1.50889352568,-0.19324090295,-0.0303825517233
-0.381254270046,1.93975509972,0.0448579940574,0.0131350638178
0.55206325643,1.06429273505,-0.0816913248174,0.126423224952
-0.305899773604,1.28528175849,0.594867679472,0.320655121937
-0.470480145536,1.76312171659,0.519289125008,0.225185590113
-0.020397321302,1.14257118561,-0.0272346406266,-0.00127398573046
-0.760842766796,1.79863638001,-0.229119061488,-0.150225742811
-0.000465087359411,1.51787660084,0.295808914825,0.000179132306883
-0.641584328232,1.70959524862,0.615142604485,0.380678118066
-0.054074433494,1.28805294734,0.302712145538,0.029439711633
0.0619783753176,1.02739653954,-0.62160425012,0.110179115829
-0.776525176886,1.66604131545,-0.936506597316,-0.729352296953
-0.380035272673,1.31473324636,-0.131121169605,-0.08331896309
0.121426323531,1.01360016071,0.362499508571,-0.130110977023
-0.0398055290001,1.82438303548,-0.623238571707,-0.0222721235585
0.487479185109,1.22815636438,0.175231204599,-0.17860179993
-0.757483665488,1.4228279381,-0.875160991333,-0.913202337703
0.53084997044,1.5234960054,0.154353444787,-0.111844785582
-0.353737315828,1.46445160716,0.63426356022,0.303127054498
-0.853442695763,1.13433940276,0.464653694161,0.851866345439
-0.42465616975,1.26557060001,0.423869148989,0.323411907881
-0.263837962103,1.15918147447,-0.793560505574,-0.45543450745
-0.553948883435,1.07730114728,0.928250624729,1.2594095005
-0.231152728564,1.26195937742,-0.356152295921,-0.151579583453
-0.74886976774,1.51923978481,-0.074529103185,-0.0674897776787
-0.263340057178,1.67475627906,-0.223370214389,-0.0613015552757
-0.679525435438,1.68969484073,-0.486574866462,-0.325318030141
-0.784283440083,1.44271524908,-0.302419110852,-0.316993964829
-0.997076066757,1.73041156091,0.892520864413,0.810759187731
0.518518439188,1.36874894618,0.66034220952,-0.578270074239
0.113674224468,1.18537405643,0.775782862424,-0.190448555568
-0.198306446529,1.14522461929,0.926383618939,0.412040157941
-0.736021071081,1.61686941316,0.571626490959,0.449707989684
0.755916647311,1.39752683519,0.209669530881,-0.263357883527
-0.866103634064,1.15562550927,-0.329528461004,-0.590032539583
0.547459318964,1.11340160573,-0.312837552884,0.438469860108
-0.753685215623,1.33052505265,-0.638055424005,-0.757820280496
0.437044154734,1.13274966783,-0.933651177074,0.99763386362
0.972637264771,1.71881976395,-0.199481316548,0.218249277241
-0.330210844713,1.4049794267,0.818599588744,0.397681138567
0.216666223658,1.64029623168,0.0773413025715,-0.0190982030283
-0.645356664964,1.16613129617,-0.186642259674,-0.249618011698
-0.105623664216,1.059358383,0.236797784479,0.0661623896787
-0.356322771517,1.90390390771,0.73933716431,0.210528909992
0.613554416514,1.05309918969,0.223079980229,-0.394452955769
0.507723036948,1.55683005069,0.471133974383,-0.311917494457
-0.261498928526,1.0304471702,-0.155421460162,-0.11190252527
0.462158260548,1.90630765629,-0.397261582743,0.158910446172
-0.0997000335303,1.38060112946,-0.377302174616,-0.0586220421649
-0.452025844878,1.13307719011,-0.0858140256156,-0.0867208105085
0.691769811796,1.49366445035,-0.433512685876,0.433222961779
0.615519928099,1.01399756978,0.728650250041,-1.39443555096
-0.998620188035,1.68849251691,0.6403047082,0.611746940414
-0.683051714859,1.57320131552,0.126051377481,0.0976918882877
0.380110747749,1.29672145937,-0.991993586155,0.699321370723
0.487154502025,1.15253150159,-0.866094280938,1.00169866175
0.170088049172,1.58803752966,-0.89876500074,0.184999287353
-0.336487110691,1.56715230555,0.145280526464,0.0577699129847
-0.652317271139,1.77067983422,-0.0964815321867,-0.0565327547114
0.406496725469,1.46379774548,0.0488943779742,-0.0290066687684
-0.0530973299152,1.2820573357,0.0893143656211,0.00860994687624
0.819175645717,1.67940763303,0.99870314449,-0.947852543912
-0.916151833144,1.7739542155,0.780159915406,0.624191658918
-0.344213348475,1.57449973025,0.466661705114,0.187918040837
-0.0319147050416,1.9598280952,-0.30208819614,-0.0075063023949
-0.0849268153018,1.5682250564,-0.428121813082,-0.0439788553139
-0.871359559781,1.83110396816,-0.124995251494,-0.089640093785
0.411528199688,1.03601752022,0.283339123954,-0.339894241433
-0.239368780281,1.06234834973,-0.34103436972,-0.21192384813
0.765290757886,1.37895525873,0.677480491957,-0.885769945944
-0.681465539653,1.19172147857,-0.35406374447,-0.477162422525
0.227583126206,1.22910257784,0.851043676303,-0.393581719343
-0.835187910195,1.89483254113,0.541727849379,0.348906049696
-0.638021035204,1.15487707966,0.218686913424,0.295016752439
-0.884129035357,1.91727391738,-0.0264462835846,-0.0175323264443
0.355478711935,1.938608424,0.36396608593,-0.107086544214
0.29157647797,1.31501187743,0.134377095499,-0.0700149729614
-0.0938096981722,1.73223526978,0.673954527253,0.0626225462068
-0.83497801811,1.9572733246,-0.636024839682,-0.383830414651
-0.721335183834,1.81005535766,-0.684300754032,-0.421573012172
0.196978706461,1.68656313571,0.75775048823,-0.160583754582
-0.0816073839947,1.39346155687,-0.339850248517,-0.0425028976205
0.246971409729,1.0163187934,0.372423401059,-0.27390848578
0.181419443984,1.71470726704,0.238106009609,-0.0448897057495
0.784400323787,1.94652295003,-0.881244493217,0.59389925057
-0.0563268352601,1.0310440915,-0.930587568864,-0.147095706706
0.125596716138,1.5508734282,-0.898840363169,0.14259967481
-0.106296654959,1.44315908368,-0.750592932383,-0.113716861952
0.189749206167,1.5336107094,-0.9523398147,0.234953970446
-0.244693145355,1.05380467946,0.138239370278,0.0891981002558
-0.954394479796,1.86937769063,-0.141259677487,-0.105653745226
0.873090242824,1.15384460514,-0.116474441479,0.25106872783
-0.867107794877,1.04217786824,0.38270994483,0.843463755495
-0.832671093091,1.96009582601,-0.114339375845,-0.0686278502754
-0.338246398622,1.56868096294,-0.546465909583,-0.217972336397
0.440497230453,1.61578622607,0.848644242077,-0.449352331357
0.210637022908,1.57987366186,-0.891984810644,0.230682299383
0.189890879956,1.81483112902,0.849503280212,-0.149776660774
0.623307996924,1.66858413003,0.837419594712,-0.59982036114
0.484632179643,1.3116687378,-0.050129054981,0.0445193796367
-0.738036466142,1.39106899563,0.533522609617,0.568498976863
0.125143748757,1.99323104614,0.693560671723,-0.0663695396479
-0.526853464882,1.09892539331,-0.79507886631,-0.988521932901
-0.0293990340344,1.39645413584,0.213134298704,0.00961123942663
0.190139045537,1.6501974318,-0.959562145331,0.204894832481
0.402656594745,1.81519366916,0.700441461472,-0.267566011942
0.650942069498,1.14866293299,0.612237313469,-0.969237760179
-0.34584758134,1.81679746597,0.528175214312,0.160474084921
0.896929017333,1.11195276195,-0.655950367276,1.56815758752
-0.928966644175,1.48756462051,0.0677661089322,0.0780913880977
-0.429411571502,1.62290868046,0.247491996611,0.116066846466
-0.283698465387,1.35576432672,-0.562318765359,-0.253187977294
0.92627694038,1.51705274557,0.110569581389,-0.147133271294
0.83942993898,1.55765633933,0.929853985609,-1.05354883653
0.425669938718,1.59103643904,-0.121703339631,0.0641251041872
0.587830600923,1.11969009417,0.630518507244,-0.942292809124
-0.883508045029,1.63261262689,0.384586605641,0.351391063942
-0.249423003904,1.73109581515,-0.244332571498,-0.0595247384172
-0.188306548279,1.22550571868,0.511836017691,0.188966506059
0.964456378882,1.37321815395,-0.242545026572,0.411872559989
-0.962760087227,1.76286756641,0.770148778335,0.652912041086
-0.564599549891,1.11260195206,-0.408458074153,-0.529025483393
-0.438740090935,1.25048985269,-0.949342715312,-0.765496429892
0.79660285955,1.05352655013,0.157586922392,-0.368675397562
-0.463876468577,1.76079227163,0.795142083869,0.341082538033
0.402841895289,1.72247210397,-0.772726520767,0.327970407591
-0.29344878427,1.25269645162,0.464474576022,0.253141246218
-0.805176872608,1.02278173525,-0.588337644453,-1.25730712331
-0.970880821328,1.36822994382,0.62261956387,0.882978768599
0.763480202236,1.14138410928,0.539886753401,-1.02766057872
-0.953082973214,1.49283543252,0.966292853794,1.13188026228
-0.62072414263,1.50916220619,0.439959382772,0.338693222306
0.330309807802,1.30897172599,-0.0404879447165,0.0242156072225
-0.41055136642,1.58931522198,-0.138495386942,-0.0648679610665
0.649890580067,1.75957446086,0.132451424835,-0.0892043716495
-0.638668992883,1.51656854908,0.797187518073,0.624232232024
-0.226993474323,1.61054595278,-0.352317485661,-0.0904429260411
-0.479542022872,1.76326129145,0.883672995534,0.390178970354
0.705867025941,1.08979829992,0.599498548211,-1.15008820945
-0.16823633954,1.26149025524,-0.0618441323811,-0.0192897293559
0.439694441539,1.80788643487,0.671777837032,-0.283585379455
0.248268115617,1.71891377099,0.92700963328,-0.239627422188
0.208391826385,1.92253596986,0.269529071771,-0.0465591000385
0.5691963699,1.36112744182,-0.651901066735,0.637116402719
0.235274529725,1.09416153807,0.860452933561,-0.519517715622
-0.013290725988,1.57808570429,0.00899731185746,0.000143861550288
-0.885885118433,1.85010443323,0.93127638666,0.664233871171
0.259032711769,1.03660287949,-0.941574303429,0.699042463355
-0.932343735958,1.18316350658,-0.43025771631,-0.786363179075
0.54747476807,1.55112701752,0.511216541538,-0.369188097203
0.58289336528,1.7104149358,-0.0955513109612,0.0606494082698
-0.834762033838,1.14821567988,-0.218207032947,-0.382548376811
-0.6834568879,1.93819775002,0.314998223028,0.160928332524
-0.64384722199,1.74629005395,0.198820312459,0.118313265084
0.699746984307,1.02848826237,-0.82468145595,1.7597666219
-0.515572920017,1.09017565254,0.64730170371,0.801110099543
-0.597444978299,1.67528115317,-0.474620664554,-0.286015281102
-0.96728902574,1.43531315191,-0.0838875018954,-0.107741287108
0.644900232012,1.54066906734,-0.720779809914,0.627984972215
-0.113913649416,1.94758102146,0.887107262729,0.0790246981992
0.953528904447,1.68917979701,0.60082891699,-0.665847826775
0.690702288745,1.48146469568,0.786389535199,-0.797536087211
0.716625988697,1.6474187924,0.791113290291,-0.675054147484
0.600875686281,1.14705839183,-0.20463502757,0.298282252117
-0.680476906047,1.98972374887,-0.136141319819,-0.0657276930612
0.557152703083,1.8277963602,0.521695036279,-0.276409915543
-0.818616212033,1.50155522206,0.155059017969,0.156114877695
-0.773716991338,1.24830769898,-0.0555688101141,-0.076829078684
-0.47186747725,1.20858763584,-0.643688673149,-0.595712530712
-0.722092762233,1.13011529878,-0.145043028743,-0.22944893071
0.548983500083,1.69915693599,-0.753262129473,0.454654164552
0.499177903734,1.6150442531,-0.878788451909,0.531044492932
0.931524528453,1.22382357614,0.697130397467,-1.43435831844
-0.879133961415,1.48077846294,0.972784202911,1.07551957358
0.0842677120255,1.40395363669,0.909144937582,-0.11759402531
-0.0493443903343,1.71253356797,-0.242901671679,-0.012200387655
-0.170258990316,1.32609664384,0.684581540424,0.195512319546
-0.0924922574876,1.48353438972,-0.336422850338,-0.0420260389948
-0.47973364943,1.89533357397,0.169988084054,0.0649857834524
-0.812977583814,1.62705272912,-0.9533511661,-0.812277025525
0.502358369037,1.67184824214,0.356349183543,-0.202302467644
0.587975569526,1.00641733547,0.0692976013337,-0.12822109307
-0.640963639851,1.12014407564,0.034843208531,0.0501815483047
-0.0294867002878,1.67111581145,0.825427765257,0.026069619955
-0.263605901297,1.77003826948,0.297561993816,0.0731793525947
0.154691555235,1.20303088894,-0.354447939596,0.115440296382
0.587199238364,1.75786576667,0.586683571205,-0.35532059594
-0.215403541846,1.88646990961,-0.306319979087,-0.0544495288864
-0.359499121556,1.41727700067,-0.745207445433,-0.386231807541
-0.641870646077,1.52285655597,-0.186876786707,-0.14581028452
-0.983582535848,1.1593759924,-0.195225494439,-0.390189852898
0.37372859173,1.89175571884,-0.609767329667,0.19845110327
0.239758495192,1.87367112734,-0.00195111656105,0.000409572869867
-0.381109203297,1.64586136837,-0.81555289855,-0.331583234812
-0.750617588461,1.02377254316,0.307987853173,0.615507303083
0.435084551377,1.81777806118,-0.325549609909,0.134446421244
0.857546465727,1.68117315061,-0.431944904342,0.430050659963
-0.955533494093,1.47542530477,0.207425088821,0.249321923044
0.653287586808,1.57590057636,0.880079362832,-0.743072158206
0.0306661134755,1.73583947995,-0.512036815129,0.0156818001859
0.635787366309,1.66603685451,-0.958217111133,0.703163947061
-0.717599312341,1.83214529622,-0.900318918441,-0.538743823668
0.18249511155,1.48548089255,-0.808481904595,0.204318423176
0.548590949472,1.3831021117,0.717031540633,-0.652684207543
0.0748597913584,1.86420844992,-0.354584549732,0.0230868180567
-0.872650344441,1.02850191769,-0.105924902037,-0.241109297063
0.501205857504,1.32671159325,-0.428432841946,0.38529965772
-0.947942681895,1.93487497812,-0.73314300096,-0.508690578508
-0.574198838187,1.88264888604,0.936668199677,0.430509960674
-0.0992184327877,1.61055167031,-0.917114479784,-0.10420776398
-0.729787561416,1.88791208619,-0.0823730687216,-0.047157231436
-0.831247338524,1.28401802576,0.982509427067,1.37204240457
-0.267374621326,1.17229920547,-0.226520455082,-0.128769352873
-0.272314621428,1.06190382138,-0.696264033655,-0.491052014695
0.410147220552,1.53867514925,0.890388331711,-0.482541498109
-0.104913919709,1.33588720206,0.191995848769,0.0335099677372
0.126715345951,1.7600962391,0.329602530784,-0.0409643924241
-0.765565006929,1.90634198133,0.87575365736,0.514099092051
0.353587801595,1.50011795536,-0.877398945949,0.428744935144
-0.8647007579,1.31154451212,0.830764131051,1.15313722814
0.202957798938,1.07488881724,0.974073221139,-0.523958071512
-0.80461537585,1.47771450197,0.455112442648,0.465626735828
0.369342514784,1.92127166785,-0.175492097358,0.0546984004823
-0.66584466944,1.6472844111,-0.189665944211,-0.130903454527
0.206931319624,1.12268294833,0.921687718824,-0.463551754789
0.019839576102,1.69828652396,-0.86124493408,0.0178082348555
0.285501703842,1.42570150734,0.553977937418,-0.240295055289
0.697793845269,1.13194102224,-0.275122798399,0.483216116628
0.231313871369,1.19079051945,0.274657437758,-0.137596505299
0.372713114059,1.44683402769,0.90129929376,-0.500061727842
-0.353101885502,1.31697771785,0.894622514683,0.527756721112
0.661035960519,1.03276116795,-0.131625654146,0.262052543891
0.421084373686,1.79472198318,-0.778323519494,0.318669002823
-0.836028741466,1.93221887842,-0.427356292895,-0.264941368939
0.073843964504,1.43623383519,0.249666101095,-0.0270124784495
0.504244154724,1.86310097201,0.811290723911,-0.372337101209
0.785125744092,1.34855010586,-0.311104072557,0.437262849746
0.623259480107,1.8278065488,-0.148712813438,0.0887618165445
0.0109262390136,1.96811455688,0.480455399867,-0.00407023104933
0.360808330497,1.21616663422,0.706940875614,-0.536727836394
0.228153069958,1.43252471989,0.0767964631222,-0.0262124663069
-0.258762507903,1.16595183018,0.687547798808,0.382709558715
-0.520422776989,1.60862594267,0.163375720412,0.0936961479541
-0.575878137023,1.521874768,-0.812558582598,-0.573102438485
-0.951736784985,1.00042113587,0.822198035327,2.14173547544
-0.491559543,1.24435660785,-0.832093008714,-0.755334798333
-0.424037807395,1.37636580514,-0.361724454359,-0.233023638184
0.429463103896,1.95092482732,-0.0331059364919,0.011709426312
-0.252224616684,1.00156291494,-0.888458959693,-0.653689506275
0.667956464711,1.04568257955,-0.215352235758,0.422904488864
-0.459564139269,1.76599978115,-0.909004126724,-0.38418319482
-0.58403233744,1.20172492673,-0.0797724808978,-0.0914428915209
-0.157135037548,1.92526064608,-0.69796149425,-0.0873927606695
0.413622086666,1.60134757347,0.466986229245,-0.235723723285
0.595012502683,1.6134780165,0.381061679587,-0.277816666427
0.290778110685,1.40681695094,0.830338721782,-0.376945571015
0.871466283323,1.52651172854,-0.529037888351,0.650215480651
-0.118170010373,1.73847910874,0.769573383468,0.0892149512408
0.888132714221,1.79788726505,0.26079555042,-0.23592121795
-0.0844108178085,1.82068421135,-0.405901193658,-0.0307482150131
0.303539980773,1.54800014529,0.106806633461,-0.041858164271
0.601011784105,1.20465396894,-0.824990217422,1.09055432416
-0.351451591396,1.02499462705,0.277130418495,0.26867455194
-0.41766918734,1.49678295274,0.262416391759,0.140882299902
0.496746844031,1.76998105858,0.546889716581,-0.273745250208
0.237556619328,1.66398992517,0.0580957206731,-0.0153169615207
0.957409185787,1.86623206188,-0.0851905976178,0.0776937954438
0.99143279298,1.15459331422,0.846149521258,-2.09564563869
-0.67731014622,1.51220340214,-0.659761332479,-0.549051920905
0.738245666664,1.54375297194,-0.269175952795,0.270090649707
-0.629844017634,1.94332397628,-0.860424807795,-0.404995201251
0.0376271859537,1.21256709116,-0.441118382814,0.0339941202448
-0.50330633562,1.15534618958,-0.398833445403,-0.429531399956
0.987216745825,1.67825236743,0.809516713104,-0.944465555352
-0.448957455258,1.42007152725,-0.0976611011032,-0.0624244404919
0.240810522489,1.27570113709,-0.648361112542,0.294918514846
0.682171061365,1.9800892407,0.0523395797785,-0.0293197671705
0.855762973814,1.61198498062,0.972246559165,-1.05046528487
-0.615850923742,1.58045711131,0.358686182917,0.249914387018
-0.244842772767,1.12959647832,0.0878571870404,0.0493666754231
0.390424549472,1.81326453106,0.407814300643,-0.151179982061
0.447475184618,1.75777084867,-0.420948900457,0.191459491009
-0.100025639806,1.18403332075,0.583029124782,0.123558468858
0.120439615097,1.68072425985,0.317720503464,-0.0411344124234
0.419789491053,1.63931648971,0.325489749413,-0.159217010812
0.419134875897,1.43351938482,-0.559507008657,0.357329374314
-0.366647747884,1.17762686677,-0.441134491343,-0.337510695456
0.464406042492,1.50159272864,-0.803479577114,0.520645232479
0.857826787531,1.67198535611,-0.402681276571,0.40547857463
-0.187895842973,1.69833503433,-0.436349748745,-0.0837031733646
-0.484621874603,1.8823282326,0.585141937931,0.229003441448
-0.207717965632,1.07968048551,-0.22814851244,-0.119479608467
0.452900090515,1.61259324095,-0.0176705106626,0.00967056002364
0.133459779128,1.76200271201,-0.0555786018687,0.00726442489912
0.84951746061,1.72832844104,0.576672002579,-0.537682474695
-0.613813429752,1.98532107889,0.511082103541,0.224965208219
-0.176212335699,1.14159589574,0.886879041062,0.353517564359
0.944512958798,1.49676163357,0.350833456724,-0.4900191808
0.62204029454,1.52349146563,-0.597347601897,0.512127956091
-0.982959813545,1.25551022591,0.520714835228,0.886945767076
-0.719208783691,1.43863015276,0.607277808645,0.590612455494
-0.198426782421,1.11918138593,-0.875093981078,-0.407795193366
0.412289817469,1.76068031389,-0.656062840905,0.273019325459
0.34234630208,1.51856077639,-0.271527182571,0.125217268102
0.0592697890907,1.60834360642,0.957750963637,-0.0662264190668
0.298925658315,1.24690638864,-0.870980923799,0.517851882562
-0.681251765629,1.98300264535,-0.677165005059,-0.329499426397
0.350679860817,1.69730042415,-0.797424342372,0.301791785325
-0.36352979868,1.05990970628,0.945735770455,0.885901928761
-0.270529823544,1.98356988984,-0.850011929524,-0.170715739032
0.590046735226,1.44744111228,-0.145063516693,0.130249658634
-0.103011888083,1.08427888213,0.163645170416,0.0425773798453
-0.883754935457,1.61248468292,-0.253332075854,-0.237341311829
-0.25728702017,1.34754869437,-0.160402677855,-0.0664705546788
0.42305667553,1.01620489526,-0.214971520467,0.27587430531
0.818401752115,1.59705753203,0.481643413029,-0.504956563966
-0.955015150245,1.49968709649,-0.553545164057,-0.643680399716
-0.64528368543,1.18474222965,0.808139828217,1.04701637365
0.836357521427,1.14085202492,-0.953849350444,2.00662508918
0.583114986801,1.33838587532,-0.629573473132,0.652907898374
-0.178459719192,1.49754664791,0.668072234431,0.156690296211
-0.261359675827,1.63333624718,-0.934139125991,-0.267556366519
-0.624364919903,1.89465619467,0.336934852826,0.165478615431
0.339387793756,1.38220644406,0.356031583307,-0.196406349226
0.412854036142,1.24601322806,-0.492978244351,0.410214396421
-0.902341152735,1.7654618542,0.812890061589,0.647570995729
0.925238978146,1.47170185584,0.672221905772,-0.94932072828
-0.159296328942,1.89785375123,-0.397433124066,-0.0519041363815
-0.794286005336,1.2446857211,-0.387741640686,-0.552493627656
-0.250486025794,1.53827057042,0.414676601786,0.128470781877
0.570730514058,1.19925674991,-0.694065330235,0.876294947354
-0.689719822778,1.737799396,-0.922435005728,-0.591240440667
-0.940311863852,1.51087999054,0.587730082351,0.663867562806
-0.0854809719665,1.94987005856,-0.875199931253,-0.0585315501315
0.922566442743,1.3043588867,-0.35682194162,0.639459698854
-0.69934952551,1.65442049687,0.100002887501,0.0716438473921
0.0359183556257,1.05584768346,-0.400592794094,0.0388598404736
-0.220899165117,1.70871141059,-0.0511858388541,-0.0113668102775
-0.0648489249473,1.23519028161,0.0672123373489,0.00851526252176
-0.557398290391,1.26143678988,-0.662601306819,-0.659555403757
0.406238221683,1.90180817032,0.402124269356,-0.141234232405
0.0597822026617,1.86197353202,-0.696304538602,0.0362367705943
-0.446318101662,1.36878464792,0.293055313171,0.200484987587
0.262525937906,1.55738392883,-0.0430347146652,0.014350753671
0.470213354177,1.34386347751,0.574893092048,-0.471204928094
-0.0558205244586,1.86029870737,0.350061633183,0.0168452243651
-0.690910294954,1.23293733375,-0.9056055681,-1.1550088464
0.413235793475,1.34487001328,-0.653042055757,0.466904082471
-0.678018922019,1.68964477945,0.214486782532,0.143113991908
-0.380951962954,1.09084887434,0.522600021982,0.483497838731
0.162237419834,1.30935647393,-0.520688931032,0.150258307946
-0.123507364489,1.09746899453,0.429609090711,0.130548549164
-0.870287855822,1.89308272764,-0.154653376713,-0.103648579401
0.729662909867,1.87049745782,-0.82093748986,0.55404347395
0.131662700905,1.61422569011,0.74724396231,-0.11478203879
0.697073109991,1.75885387401,0.842204685502,-0.611981241866
0.400754343861,1.05282510071,0.315838982866,-0.356874616228
0.372365279991,1.21494932129,0.190840112402,-0.150011366862
0.170891034237,1.55614872293,-0.972143069961,0.209389242826
0.892721975413,1.62504057001,0.860892386914,-0.958670441504
0.161914472014,1.79382398015,-0.977544995607,0.149993843839
-0.807395652864,1.14924126154,-0.953250218196,-1.61759987023
0.0354268649387,1.96783362693,-0.417512029909,0.0114997266036
-0.868668145422,1.31780889966,-0.571071966137,-0.788469305008
0.867099995619,1.42374811118,0.213869714834,-0.300513996833
-0.970045522059,1.13135373663,-0.733613175785,-1.52046081379
0.996013424344,1.81544763271,0.755464056552,-0.760672931269
0.101806358919,1.31442489884,0.0831975777856,-0.014858649633
-0.767188336764,1.16043150463,-0.905069943813,-1.43669327103
-0.933810852336,1.84521411616,-0.396603184968,-0.298449788673
0.195647013281,1.63467684255,-0.306868265234,0.0687485742566
-0.717177330293,1.59075212032,0.440710914054,0.349636026042
-0.0363742010675,1.58927022002,0.894453283176,0.0385034853514
-0.791829210291,1.40970001514,0.328871343158,0.364275810353
-0.764663023188,1.3699416922,-0.61913482051,-0.703026941917
-0.766340570343,1.33445638519,0.329450772609,0.395054234404
-0.923685685182,1.70601876056,-0.765931853792,-0.667573054343
0.542000694118,1.36925470878,-0.506322061832,0.464280223249
0.735231018913,1.08100800942,0.55269992931,-1.12600953226
0.847497647127,1.90397044065,-0.709760868619,0.54389060255
0.931244600482,1.15387827626,-0.0128281487898,0.0296811913226
0.829281220882,1.49762220428,0.34968032304,-0.422947403765
0.602339064277,1.60453250595,0.0708788882827,-0.0529373711237
-0.942671828529,1.1398828434,-0.379258818885,-0.754351333546
0.990129061933,1.89101040448,-0.275167844228,0.253690577675
0.392673032605,1.25026711522,-0.959203133572,0.75241029956
-0.993227473315,1.81685838688,-0.405830040968,-0.333232076962
-0.400538033873,1.84983301522,0.688877497492,0.23258738492
-0.860857138459,1.49231319048,-0.591396410441,-0.631461631696
-0.153434495476,1.26081100931,0.904206537075,0.257868889935
-0.980402669323,1.05722322207,-0.108058375058,-0.258959899429
0.631556572961,1.35391138904,0.823842459607,-0.908928588807
-0.290743332257,1.44547031238,0.746269517675,0.302734294651
-0.583567106812,1.85745184787,-0.365441519095,-0.175211557792
-0.24900121743,1.88891450752,-0.791416948029,-0.161667202206
-0.2181226876,1.78196697235,-0.759521138211,-0.153176289979
0.274382159391,1.22467874601,-0.902433552712,0.509249717191
-0.181920797936,1.41339338785,0.327227986547,0.0878007492691
0.436296509679,1.22644308604,0.666809254795,-0.606713573008
-0.0421128698013,1.55429071062,0.525189064324,0.0273503044866
0.707022673075,1.78473474797,-0.364579863468,0.261243225828
0.641892263958,1.78224482084,0.36095564848,-0.233837670155
0.190639566215,1.7466563916,0.26336301375,-0.0503307534497
-0.453188045511,1.96119326279,0.443822855891,0.150078961268
0.412178648274,1.59035608451,0.809599665629,-0.412827274781
0.412401785711,1.34681713915,-0.726939463106,0.517145729862
-0.405664198568,1.27381273755,0.778222717335,0.560932829997
0.541443001709,1.72156463801,-0.324966281295,0.188295849836
-0.111459462014,1.04634538715,-0.631652378509,-0.190788573075
0.950001945305,1.23628523532,0.819453607423,-1.68843470271
-0.565095425292,1.71041448942,0.684352427253,0.375358884958
-0.326215572473,1.82564266099,-0.532072989554,-0.151294945045
-0.771980646621,1.15353169138,-0.46604411966,-0.75300883985
0.952963436636,1.99921429504,-0.312257950213,0.246880026123
0.766818793047,1.66151312889,0.985836786068,-0.889733839855
0.914057419274,1.52453646051,0.103293384441,-0.134128671079
-0.664219026001,1.01771631023,0.0116893806289,0.021088298528
-0.937145139449,1.54222744975,0.161527544931,0.17457171204
0.867969294805,1.38112812442,0.832444590493,-1.24435887865
-0.648573065459,1.22626490368,0.547645579756,0.665456601497
0.695899763661,1.18622459042,-0.534333176682,0.852063296566
0.0787640210534,1.28507791511,0.73521579991,-0.106032564717
0.499240567186,1.2261738479,-0.314841329,0.330111337148
-0.392414218028,1.77047553527,0.958672461641,0.346449495309
0.732337486041,1.35758902968,0.885902166607,-1.13949240073
0.447445159847,1.9248923874,0.0706784270434,-0.0268049804877
0.673092758507,1.03994476384,0.781906890061,-1.56528351078
0.674967687134,1.52893352854,0.850834666335,-0.790354369977
-0.207640548964,1.15779128003,0.865516793607,0.394024298877
0.861394395002,1.35322655166,-0.779729390514,1.20405477648
-0.896063555477,1.82386998542,-0.0629808180356,-0.0467101202686
-0.573348412693,1.67183472638,-0.210480951107,-0.122504894226
0.756601056497,1.98861408475,-0.402060102978,0.249658558157
0.694753350074,1.82211467475,0.744967719546,-0.502585619589
0.421667868756,1.22919822073,-0.785605259857,0.686692664277
0.383615990578,1.42763402342,-0.830532931881,0.487673590631
0.127714500326,1.81996919024,0.797889306695,-0.093488529695
-0.48416537476,1.79524096909,0.45019397765,0.19352420814
-0.460843815411,1.40502685037,-0.588558466001,-0.394029433128
0.664630306138,1.86526495912,-0.430563755827,0.264317720036
-0.817935352111,1.99125119873,0.237533524281,0.135884106851
-0.430622254851,1.99273357476,0.0616376728899,0.0192245093805
-0.429631165527,1.58132970563,0.494191876037,0.244229896401
0.305482135614,1.16062203701,-0.291373775037,0.20447946186
0.57785921977,1.16375158764,0.205045420489,-0.27856286074
0.852131030297,1.51659116146,0.815792288177,-0.991174805086
0.10415613682,1.6376313024,0.468417211107,-0.0551510602245
-0.477201359738,1.44215068536,0.223256598194,0.146676540512
0.783378612425,1.25622218339,0.418917471475,-0.676887937457
-0.820964134415,1.39121143898,-0.150126012681,-0.176542450984
-0.662166741314,1.71016496152,-0.880144452449,-0.560687786455
-0.788655907656,1.02325624208,-0.745501587862,-1.5614254049
-0.34604733538,1.63172735139,-0.00237060489725,-0.000893400710803
-0.256045805989,1.0335601174,0.333613890167,0.23390074689
-0.178890421224,1.93164852299,-0.085361894692,-0.0120619003376
-0.95719022942,1.85662440805,0.720161539113,0.547522691302
-0.204618487611,1.23612644693,0.726604028672,0.286049608259
0.502814809046,1.38239159765,-0.759786795427,0.631486366687
-0.12860454981,1.06602611204,0.511747024164,0.171532972357
0.214886542756,1.10077614064,0.952330490867,-0.517790743023
0.229420990644,1.42171637205,-0.442486501015,0.154208460428
-0.934426112384,1.37485677063,0.621101945002,0.842399697978
-0.0251713836248,1.3873160957,0.670800103502,0.0262529921356
0.505888870569,1.71844235749,-0.397097089472,0.21495563522
-0.0762200458355,1.17041810391,0.240418821409,0.0398271490539
0.408791807121,1.84655523666,-0.993571652492,0.37258443263
-0.323586531975,1.99485608634,-0.642038744338,-0.15171173894
0.456558262628,1.8026191146,-0.678856608954,0.299835148184
0.88424795172,1.1317598027,-0.505164514372,1.14769666462
0.143018034339,1.18606240543,0.177741767068,-0.0549974445322
-0.566138008613,1.08346283481,0.926471044769,1.26861868086
-0.267959507757,1.58308075897,0.384207458574,0.120023401138
-0.325210119051,1.93047260426,0.419415718363,0.106341755027
0.440904345049,1.03731598121,-0.112940062075,0.145236144175
-0.196939683975,1.81999729936,-0.864728948154,-0.151259671124
-0.0365217188292,1.7603272808,0.241229857102,0.0084983273363
-0.276095291303,1.24593861322,0.7036713284,0.36536647636
0.382748175893,1.96360773391,-0.644696859577,0.199631689883
0.279362841516,1.07468294953,0.979560165315,-0.731249463148
-0.216313291208,1.17448556431,0.0367779469487,0.0169356696256
0.547429592275,1.67370111563,0.973054592433,-0.603505176467
-0.1889988864,1.04146007441,0.0283415318079,0.0145407582399
-0.517748914926,1.76178955503,0.00429440652922,0.00204320877868
-0.998816695451,1.79450663441,-0.130374566124,-0.110297031246
0.818610050208,1.87691715659,-0.596858101666,0.453180045758
-0.0363031296738,1.91155867099,0.839850057445,0.0249412401157
-0.949380673647,1.65810457938,0.89961283977,0.851145670055
0.2539537172,1.11866639027,-0.112823977862,0.0704770288269
-0.524846546334,1.47946763505,0.430377359814,0.294155047586
-0.204181655726,1.71321220121,-0.639636026628,-0.130818870168
-0.736511497762,1.67340529677,0.500889182073,0.368109449231
0.160109097992,1.7453069228,0.235748957874,-0.037779233406
-0.766599822728,1.42261687144,0.462517666195,0.48816182476
0.313971904564,1.13900040135,-0.882305548266,0.661359465678
-0.0371719607444,1.74872032506,-0.359675061545,-0.0130675740817
0.184213698159,1.50866900484,0.0563340206555,-0.0139348049411
0.541460933011,1.54049993324,-0.207311041606,0.150024913853
0.35063690171,1.08600256883,-0.377515466338,0.348942019132
0.898816060497,1.99279479239,-0.192992749447,0.143982603093
0.70528665276,1.19081107546,0.179339799027,-0.287900134336
-0.674406393437,1.90692282248,-0.437774510308,-0.228183080176
-0.776141529041,1.96826312427,-0.858673527933,-0.478917439919
-0.137628968242,1.64891951292,0.995144632752,0.149067170102
0.719062500841,1.64626621603,0.809565250234,-0.694300973307
0.340471296229,1.8321041833,0.876023424384,-0.275969577026
0.0234865629932,1.27046753095,0.383787396062,-0.0167928920903
-0.610904325828,1.4497144161,-0.918629151606,-0.754948565689
0.573160426779,1.78950778498,0.989942213721,-0.563863516929
-0.79349072438,1.59313517685,0.231072769972,0.200791212734
0.123159819733,1.54722168907,0.942285274716,-0.147248062067
-0.774924655562,1.7722577111,-0.7960745104,-0.546847789314
0.750168695737,1.82446467004,-0.367436754421,0.268570346983
0.108897717936,1.71878937818,-0.738378886724,0.082552321016
-0.307135139674,1.134848224,-0.24426317782,-0.169548999005
-0.773433950358,1.9958317173,0.659663297492,0.356668548465
-0.913452858169,1.49514738495,0.181751663741,0.204152922262
-0.154043014322,1.36457760853,0.16766038432,0.0409787059921
-0.836618003128,1.65917764416,-0.748117381742,-0.629417286884
0.500242723317,1.4876895634,-0.214626754167,0.153196467363
-0.504895786783,1.85579937971,-0.637994198062,-0.267107407267
0.912845374132,1.8548369174,-0.0413281034912,0.0362013336166
0.961180727739,1.46498754979,-0.244281386068,0.363109084059
0.718753375155,1.59077778243,0.842800531504,-0.773749900139
0.596927364801,1.43786318505,-0.147898892759,0.136239407649
-0.260067900841,1.96496236784,-0.787025614286,-0.155002307786
0.508372407349,1.8878334779,0.22977592702,-0.103595214803
-0.409086542732,1.37249292818,0.586144256638,0.366866546646
-0.578154368312,1.7159777288,0.76985297953,0.428686361344
-0.420269091557,1.81562389323,-0.864799466207,-0.3174193558
0.22785529598,1.05891674731,0.483468864208,-0.30160280004
0.190927031251,1.72604530436,0.55091052752,-0.107978527171
-0.800862308049,1.35788552466,0.086292962366,0.104104556987
-0.658853801996,1.65024313162,0.263411163843,0.179365170701
-0.917260414824,1.29405838255,-0.424827844977,-0.639448348697
0.338054769555,1.0383953346,0.720534009981,-0.701411334251
0.989759342998,1.8545241724,0.825142357224,-0.7906392284
-0.076236234016,1.96372160973,0.591258575455,0.0348018204767
0.451857038236,1.35190153392,-0.900081783963,0.699190057411
-0.762260901337,1.43063786432,0.873266999897,0.90658598515
0.904101518383,1.76304622686,-0.587981741845,0.564065178253
0.0475051122392,1.61142950265,0.0895216905497,-0.00493668360347
-0.357434760758,1.82265106223,-0.46632988917,-0.14532891128
-0.180523214283,1.72346036868,0.483762557354,0.0866390861835
0.404981455544,1.2401481214,-0.594373078347,0.489353370505
-0.512455193492,1.93288734916,0.914857369371,0.358107403257
0.0459633311234,1.09074667394,0.979855290768,-0.114090021429
-0.898808842663,1.38210648907,0.944792655457,1.22366644817
0.878012772623,1.32803294545,-0.68555627342,1.12242683162
0.710178311194,1.34868837035,-0.0803047322567,0.101250970497
-0.755513902429,1.12269081856,-0.842392939702,-1.40840294786
0.76016181575,1.28604113828,0.411903174174,-0.614678971591
0.320004411611,1.89427940503,-0.167272515342,0.0462315626885
0.580581056375,1.54726721995,-0.202065827248,0.156071004774
-0.649508273991,1.73890351455,0.985584470987,0.596374779303
0.148451458405,1.04256516512,0.735376521957,-0.305847237428
0.513610716017,1.32474245487,-0.582521553129,0.539142388218
0.328324551836,1.85791455355,-0.0868354769586,0.0256193803305
-0.541386471551,1.24459753972,-0.875995427772,-0.871314379064
-0.0128566772086,1.11448290324,0.0467401652572,0.00144955740101
-0.218969669338,1.49833259123,-0.991574158479,-0.283927105267
-0.714804964231,1.29086228446,0.293379324721,0.352366185401
-0.636210941335,1.95786457733,0.36139896623,0.169183129653
-0.808836235117,1.29337477518,-0.875395333465,-1.17478494077
-0.217906509111,1.30186802936,-0.883761656991,-0.333603627765
-0.845280852759,1.01626569775,0.320853801127,0.726397160438
0.191992568373,1.29747750756,-0.780959246185,0.272429154326
0.695394336321,1.02514877533,-0.593699673982,1.26662322727
-0.667391509669,1.40529650403,-0.456444601632,-0.43380628599
0.889089295981,1.60042931506,0.533370583075,-0.609622391307
0.89874519883,1.42901217972,-0.590803793304,0.857093061311
-0.657335484943,1.13018429595,-0.042650247871,-0.0617849525588
0.253824067066,1.64623927422,0.957047790238,-0.275910046607
-0.72303948578,1.21429913749,0.586228693204,0.804231469309
-0.167522438131,1.06093511527,0.757681679018,0.332727148536
-0.0163606863527,1.58202268927,-0.486586922225,-0.00952681727404
-0.657175176591,1.08392315647,-0.127472904876,-0.200715630727
0.291078627455,1.95341296336,0.569752909672,-0.134294742221
0.311987269722,1.77476176462,-0.77318959138,0.237153369161
0.0982548976223,1.91576573534,-0.0430698991089,0.00349343584154
0.144174395246,1.93339335946,0.943543454748,-0.11077400149
0.128374162207,1.28484917661,0.903687441332,-0.213562077433
0.968649200993,1.11110044279,-0.546057105764,1.42320181593
0.151848209721,1.91042314123,0.0607826448712,-0.00770365190195
0.311916133127,1.84211344183,-0.94383912651,0.268649747623
0.523584930423,1.47242115902,-0.858496587266,0.656354991046
0.172962965572,1.69520431175,-0.309536804956,0.0568748132636
-0.751487920184,1.7278351669,0.187100861374,0.131415277415
-0.216619741636,1.61364404827,0.0764241462323,0.0186692629914
0.962644443021,1.72833301075,-0.880991681277,0.942459619443
-0.199433048124,1.29907945625,0.0211533258607,0.00735274628154
-0.276267619236,1.41482649085,0.118887447357,0.0479010982416
0.610008682948,1.28834171084,-0.70987799117,0.833515456019
0.573524613086,1.64930956868,-0.520021674485,0.348932213621
0.00492568964911,1.55731515068,0.0915764817186,-0.000558255755422
0.309759316795,1.12430899369,0.0392653659377,-0.0297885489286
0.605210445157,1.5866252218,-0.0356700517721,0.0273839217659
-0.132789643271,1.86773240149,0.0352322398489,0.0039707027802
0.83061857806,1.22502460461,-0.502808536974,0.910533389798
0.939666517396,1.53736690806,0.260579543916,-0.343033145974
0.389224166321,1.86683598908,-0.348536226635,0.121506133125
-0.254539492741,1.31820788564,-0.0352304346924,-0.0150976884148
0.83875767615,1.45888061431,-0.560648152108,0.723526229556
0.232601292082,1.65637577236,-0.364818323538,0.0949977601798
-0.5567670422,1.82590927678,0.690545788491,0.327716212311
0.482531354162,1.24637024397,0.700047470338,-0.685423017968
-0.640206522687,1.44294767607,0.299772985113,0.259885840503
-0.217857369556,1.65055078624,-0.755742984788,-0.177439381559
-0.0702724193146,1.00759196225,-0.170455274272,-0.0351484352833
0.429337669851,1.22813519138,-0.629338968763,0.561526850917
-0.888558394904,1.27385782283,0.772387085127,1.16527902988
-0.846908654516,1.72031520042,-0.0432845572838,-0.0342585335816
0.249531201015,1.34534410271,0.277573883232,-0.117742284283
-0.939514576449,1.18108077076,-0.532724038939,-0.983942733833
-0.586731150934,1.87297076129,-0.000757555314078,-0.000359046642975
0.746598244397,1.57540897281,-0.341081566869,0.332643024481
0.700034417592,1.21038674308,0.229363763353,-0.353537751394
-0.293936384263,1.12274182753,-0.318063093472,-0.216145697876
0.729136931732,1.36191405407,-0.251015335899,0.319308909937
0.739320643867,1.70095954601,-0.688873529609,0.570246682908
-0.212849571807,1.28147612165,0.586273248508,0.223216421778
