-0.55632677841,1.55129411114,-0.383139189049,-0.251713600555
-0.328125963008,1.88944477653,0.0626509858527,0.016726297885
0.25962841904,1.20861730376,-0.241000784734,0.131928553223
0.581959647321,1.17838374903,0.0383144382732,-0.0511496367079
-0.572365049369,1.97433108584,0.113058656006,0.0471070667026
-0.0415194338565,1.91761243166,0.402230236099,0.0135683264949
0.419128556902,1.14527947329,0.751665090191,-0.752081525624
-0.0432064238057,1.98128435722,-0.206494223793,-0.00678908855138
-0.726411084778,1.26979744648,0.500459604181,0.630593383636
0.393363279298,1.57050723175,-0.510982504095,0.254489490205
0.0506957717962,1.20394785687,0.402962234121,-0.0424961193209
-0.371629003472,1.50069343683,0.793733983066,0.378856628656
0.164952546067,1.67961527818,-0.977551126173,0.174350688149
-0.589482361765,1.98854818659,-0.797143474832,-0.336652307148
0.0279837818216,1.04932546873,-0.960048146261,0.0734035848181
0.61893599043,1.60763410936,0.0230641872363,-0.0176635756805
-0.863955522556,1.91253329929,-0.759549467883,-0.495407655951
-0.428403806063,1.73560111742,0.557456111841,0.228069691464
0.914337089529,1.56691701317,-0.681496193804,0.837996904488
-0.605611026697,1.05709720019,0.433439149758,0.664473437453
-0.280946216649,1.05218098868,-0.0958571251133,-0.0709830823928
0.47155096774,1.511905594,0.264402386938,-0.17172902476
-0.826640024333,1.65325120145,-0.678983305123,-0.569017192768
-0.547612010964,1.51546344379,0.215065215715,0.145854327204
-0.669739224775,1.27697487706,0.793922412373,0.916825197459
0.61478422827,1.15814251101,0.183345482575,-0.268624684235
-0.572839911767,1.54189575484,-0.55343015818,-0.378369101397
0.821019796369,1.90337211197,0.684527902425,-0.507018962473
0.252713665844,1.96064597855,0.196071466834,-0.0396718351228
-0.730005360586,1.01476309251,0.14144549653,0.280354262164
-0.791699659281,1.05230391142,0.348432758409,0.69251386409
0.00239414816886,1.86052217985,0.628424349472,-0.00130424616664
-0.838525669549,1.45504253599,0.863246832498,0.946348331692
-0.725508161976,1.47517936173,-0.365068960209,-0.340432436317
0.87348390033,1.5228244154,0.10225858499,-0.12661094536
-0.138255797578,1.10231552688,0.0251568600914,0.00847004946968
-0.802007105299,1.81490049787,0.510291630675,0.345070487921
-0.0528397234163,1.64657860495,-0.0235744589738,-0.00137110220871
-0.117871838466,1.45317250767,-0.252429215763,-0.0417779773685
0.407855196081,1.13910474005,-0.0416414134535,0.0409364023451
-0.690796228149,1.30138756117,0.23538678414,0.269420063031
0.2715617945,1.92696698741,0.0813211929462,-0.018340112359
-0.703896501572,1.47247359374,-0.738845943129,-0.672275095243
0.627998761109,1.17762982992,0.738135518907,-1.0699567239
0.797473921122,1.37114606062,-0.695984382478,0.962415793929
0.00690479034253,1.27056060642,-0.230939696123,0.00296537446702
-0.29447748718,1.28118745968,-0.525912031604,-0.274951943207
-0.00863846916971,1.09467965754,0.966494145082,0.0208837349426
-0.383409382837,1.20119108455,0.579923810506,0.445236494244
-0.978076831501,1.47108805418,-0.555213511295,-0.685726051165
-0.289943619688,1.7886826085,0.659544194039,0.174260577457
-0.928677824306,1.73006706914,-0.429824594871,-0.366086816985
0.364059885433,1.52719565637,-0.481264755294,0.233880863232
-0.60738964414,1.8114296251,-0.222636494759,-0.116555705909
0.504382645303,1.97176896983,0.372582183137,-0.152710258349
0.924794355818,1.74308004078,0.087041228061,-0.0875790641526
0.0825338409422,1.15306963875,-0.953357852477,0.179018312219
0.615119544753,1.4073105034,0.80623975125,-0.800454011121
0.726864997609,1.97519077939,-0.3944079746,0.237725635121
-0.115101990544,1.02878752788,-0.212584596093,-0.0685668556473
-0.736895130627,1.59775618405,-0.831333823421,-0.670505996681
-0.215266177791,1.13340032282,-0.986884337113,-0.485676353587
0.858921055344,1.70379322112,0.0341940365051,-0.0332042475604
-0.236039686338,1.78973900867,-0.21356857233,-0.046124562423
0.562689350323,1.27655777054,0.741224289461,-0.813598978466
0.28142345303,1.17716776253,0.862236910927,-0.540541164017
0.596071443931,1.34061914494,-0.560755648639,0.593298257769
-0.0148308374377,1.1273635276,0.917098068637,0.0320576091276
-0.670800341769,1.34064560652,0.0201648572031,0.021158491837
0.196874571307,1.6139744039,-0.0884471786408,0.0204567679555
-0.616740246284,1.20686603258,0.0111086516695,0.0132915482854
0.716096381613,1.35959157453,0.218797435968,-0.273897084869
0.546691592491,1.85431665591,-0.682926610666,0.344576821105
-0.872699221502,1.75644222922,0.04741172965,0.0370055214601
0.741889179867,1.6791746967,-0.124561922134,0.106201696789
-0.225365830272,1.9255906937,-0.748897839417,-0.133544218363
0.50557294003,1.0028317627,0.9805694945,-1.55760929327
-0.724076552881,1.59398867554,0.954158518136,0.760669323163
-0.0532109720199,1.34663788548,0.368865303574,0.0322986075752
-0.61734358165,1.32616736947,0.0979455733791,0.0971450011503
0.675776487883,1.06520326271,-0.970447481477,1.85959649046
-0.426394086196,1.34805522092,-0.171510680225,-0.115790810904
0.694780475422,1.11328660041,-0.286682887395,0.518119625637
0.677488440807,1.08811791399,-0.811393013545,1.49406522445
0.487725569184,1.72972909226,-0.993053615027,0.510539001514
-0.599253442881,1.68070684277,-0.0942218706062,-0.0565749659639
0.727011772926,1.75466999565,0.200857439327,-0.153440502481
0.766455178363,1.392954287,0.191899873559,-0.246286448296
-0.283753413708,1.30124282989,-0.697660177879,-0.34106560955
0.713080205415,1.78347782855,-0.147263843015,0.106646999471
-0.666250503745,1.68732250601,-0.543274967905,-0.357577778697
-0.137297365007,1.64820841736,-0.492805711065,-0.0737076810072
-0.413619678355,1.00172373317,0.429489475995,0.510008406461
-0.819562867258,1.21298947797,0.979480409847,1.51277904565
0.920017180335,1.26705577981,0.330018681583,-0.624854960171
0.101911097412,1.56094677377,-0.353894774156,0.0448631065905
0.248737241736,1.72058001166,0.491141306472,-0.126957372067
0.0411114011614,1.44835076239,-0.741674528032,0.0437863272367
0.241784760172,1.66897026861,0.203894947659,-0.0544112933606
0.898176473012,1.82367109494,-0.432743032693,0.385204696822
-0.814388039504,1.55119162482,-0.237900005118,-0.223364546858
0.503155468242,1.8782640683,-0.159602115016,0.0719067176161
0.439992016135,1.17186624176,0.758482089108,-0.762600416909
0.304104212036,1.27113605166,0.833836011967,-0.485570536013
0.821726240341,1.87438361252,-0.782801243862,0.598441844619
0.136716407846,1.66400972428,-0.701939737654,0.105416473251
-0.0570995792465,1.21839493133,-0.869196868381,-0.0997294440875
0.375461298402,1.47627357252,-0.569526707216,0.305834808605
0.356955709821,1.78156062625,-0.147325458171,0.0515463614885
-0.648254119799,1.68604727217,0.761333783912,0.489129370328
0.827132999585,1.102391929,0.807584868501,-1.79766030731
0.567187272213,1.56989163735,-0.614659226589,0.449885060997
0.301333111056,1.0432739944,-0.962351973351,0.824125295051
-0.756551288686,1.78203843152,-0.00790309880843,-0.00525109478815
-0.127587351607,1.79184207966,-0.0725816858465,-0.00854378809312
0.107790395059,1.5773603231,0.524767787815,-0.0689466790161
0.0604065641864,1.65676135162,0.309165535987,-0.0205356254257
0.379206297798,1.11722605918,-0.687783129072,0.651561326063
-0.492532643833,1.92008497431,-0.944390641678,-0.360733704864
-0.677043904234,1.28410310286,0.382346945369,0.441107957618
-0.970369014016,1.20576016126,0.887007701481,1.61898366944
-0.190702624546,1.33677893538,-0.76570093026,-0.240554665321
-0.932472019508,1.5254204218,-0.426150520285,-0.46862192057
-0.312924716649,1.7649578791,-0.287024937704,-0.083874552399
-0.333305362622,1.20625203958,-0.0775860186337,-0.0515978537722
-0.0896632608491,1.43498580519,0.778879863153,0.100840357707
-0.0770242119701,1.35773152005,-0.0403719728494,-0.00502190379029
0.708743160968,1.21911737412,0.504616519266,-0.776973296221
-0.321621996785,1.30984884429,0.648175586259,0.353158249283
-0.044241209048,1.63795015835,-0.570672758021,-0.0281071547519
-0.611919152524,1.77953123127,0.23618034936,0.129019068023
-0.574313284956,1.82976603405,0.646740293269,0.314743478502
0.897038475281,1.47362200806,-0.864020144614,1.17625447542
-0.864893254735,1.15467701665,-0.320196613645,-0.573527164518
-0.0208299654924,1.67721141979,-0.144368737046,-0.00320039547629
0.0930048734394,1.61682755629,-0.687282209968,0.0740444836828
-0.905235382864,1.35287100461,-0.169789611585,-0.231018132429
0.141747002719,1.40747748259,0.656203576806,-0.142886389279
-0.959292219248,1.62836061454,-0.0208109777441,-0.02061014159
0.0171358566593,1.67389337562,0.922799324368,-0.0169599122568
-0.467534708482,1.9613812163,0.11830764845,0.0412078068088
0.497665738484,1.96196900137,-0.517511809845,0.211234415161
-0.697140397762,1.45109092732,0.440299283221,0.408820376311
-0.615286591999,1.82169908283,0.446070139496,0.233731289386
0.804573125585,1.67667209001,0.349145468277,-0.326005570584
-0.641668850721,1.53549713642,0.329705496011,0.252959291769
-0.131886198124,1.99537503239,0.0834426527141,0.00818407000286
-0.380263992129,1.14352577627,0.0602911547914,0.0506710314161
0.660415896956,1.55032894156,-0.272722450082,0.240704614937
0.998030128009,1.09572995393,-0.307509885092,0.851881847613
0.904205226226,1.08709068144,-0.829062513436,2.0922007211
0.832571152252,1.37638226691,0.492635992552,-0.708505241142
0.0888328975017,1.26332358004,0.212847023731,-0.0358598659082
0.263694667739,1.65040614245,-0.899583804563,0.268341833639
0.871858054211,1.8825628451,0.583805598345,-0.472012981477
0.478361582035,1.86836368723,-0.338710291731,0.146241765044
-0.638221014072,1.67970162189,-0.0830937061399,-0.0530062636385
0.168259266119,1.47298893985,0.552340163235,-0.130700569431
-0.464011128685,1.87768145634,-0.417730501714,-0.157617273807
-0.644197797454,1.77268669142,0.0185709565865,0.0107299540056
0.787584675695,1.55590686731,0.318367106197,-0.337291966619
0.134220874843,1.24672724184,0.907249811447,-0.238228611695
-0.186394657498,1.12745847198,0.0114534322113,0.00494616679731
-0.000694838534908,1.30150502569,-0.252654359151,-0.000310892376009
-0.824149377759,1.95628197669,0.256398608564,0.153033379537
-0.510752234921,1.10997790013,-0.24234098722,-0.286745057151
0.909228202719,1.62723081355,-0.375603076318,0.425622147521
0.509319475873,1.73858992805,0.867196487358,-0.461888740088
0.656265041827,1.59984151842,0.134593335975,-0.11080252201
-0.08809665685,1.04180070918,-0.553957431021,-0.133714511779
0.867563290875,1.45319647839,-0.0622133068625,0.0839596005893
-0.365610473281,1.16722163351,-0.394164322565,-0.306136881313
0.74070094306,1.25664226315,-0.144072674285,0.218949690346
-0.199310957542,1.95382123654,-0.357694699328,-0.0549318784555
-0.197284292214,1.8934648801,-0.890814797348,-0.144212248924
-0.696136532717,1.34809420977,-0.412785881723,-0.443479031945
-0.808416065882,1.47808546361,0.00427026363309,0.00438580917994
0.102480662402,1.05661209859,-0.143914509269,0.0400414911592
-0.887152245556,1.68135274571,-0.202524685338,-0.175131959128
-0.818002162779,1.44807043213,0.595656080995,0.644384152
0.188616492847,1.85064745558,-0.979182686204,0.164887223501
-0.0386298957928,1.46121817501,-0.284931131587,-0.0154056533139
0.853406697705,1.07475834433,-0.27766667209,0.672852757723
0.482621862115,1.14003126872,-0.402052349967,0.470608751612
0.995625244038,1.92926364067,-0.249006901427,0.221917636064
-0.697288632648,1.82824596571,-0.869764447151,-0.508853223156
-0.239054556643,1.24481777239,0.429283382902,0.194039854961
-0.330853650966,1.71086884857,0.831175558,0.272822574594
0.780922985419,1.82736185991,-0.137238103109,0.10444018004
-0.54907674307,1.91753096341,0.324913098289,0.137981957062
0.998169583388,1.82196735148,0.667233642379,-0.668638707231
0.13533063763,1.78394203733,-0.33429199044,0.0432314041468
0.101496815824,1.20051886252,-0.523245060182,0.111678945897
0.809435025974,1.50190752913,-0.204483303413,0.239514881431
0.825965426284,1.76027956142,-0.778815240131,0.678881383544
0.0687000144642,1.0113917942,0.883449869926,-0.179231790147
-0.459965613076,1.64911857897,0.0394360338542,0.0191295971743
0.0757330914614,1.75844143449,-0.666139389974,0.0493194019852
-0.884571554175,1.37338831306,0.543087816356,0.701982443202
-0.194215515642,1.12251222391,0.250974381142,0.113840973272
0.110011620932,1.5761069729,-0.670487346746,0.0900706387613
0.152033924947,1.34609618199,0.567739938678,-0.145115058093
-0.793012075284,1.59485024103,0.288247113937,0.249794886102
-0.489524878136,1.55556030707,-0.219040641991,-0.126733434191
0.521967876851,1.67476796242,0.0406235694487,-0.0239285094534
-0.754282713563,1.8952121268,-0.141945405895,-0.0831533304182
0.708124362303,1.45045485827,-0.698564439249,0.759146234305
-0.145323062155,1.64637020254,0.173193680185,0.0274578773196
-0.532312488662,1.50934494787,-0.767051534831,-0.510518761028
0.212575554508,1.4265241313,0.603893726874,-0.193360796243
-0.668893722441,1.4222211013,0.210387147576,0.195633829186
0.637780811244,1.80331503383,0.469418575458,-0.295006077575
0.682420171272,1.4755969701,-0.825297289734,0.832808016809
-0.875874966334,1.35790771721,0.951740094471,1.2470303256
-0.339819039698,1.45751110345,0.967592040884,0.449080883458
0.545136996738,1.43537685882,-0.840004899248,0.705215111717
-0.590228108149,1.29255735349,0.985449862479,0.986212983239
0.496655678621,1.76324221628,0.0577921183656,-0.0291437114612
0.844640517145,1.05772520668,-0.117657279439,0.291065584479
-0.634377896431,1.8255272901,-0.332468206008,-0.178538001363
0.849919726173,1.26430619886,0.343974632869,-0.599647656712
0.258630689103,1.33365577719,-0.650551003836,0.291323254742
-0.892787206121,1.74138086504,-0.183033926618,-0.148413789413
-0.475748602971,1.75585116601,0.586537635268,0.259199519394
-0.369124198687,1.56761257298,-0.358205889698,-0.155670722739
-0.995925582792,1.65185325224,-0.24576105096,-0.244729589216
-0.452672927657,1.32937556869,0.25561381316,0.187917552997
0.18950768067,1.99981863737,-0.306840332544,0.0444619484537
-0.31895872932,1.42498540675,-0.211038791928,-0.0963743207892
-0.470444478004,1.71773035381,0.424209103373,0.193791406906
0.0366357797666,1.19822479105,0.950587701393,-0.0730358818152
0.333055262894,1.03248206047,-0.911545228322,0.883815294172
0.0329008474399,1.07280253229,0.832734671897,-0.071651721291
0.397054997733,1.5402211191,-0.106251278951,0.0555565793725
-0.144585488267,1.17020511042,-0.0430236378328,-0.0134336739304
-0.516170314334,1.21778124232,-0.366256701886,-0.363666827092
-0.999711566737,1.66868499072,-0.834103789898,-0.816744182255
-0.220002657115,1.10099067638,-0.736434766642,-0.392342335327
0.380875528698,1.18248595896,-0.592240829307,0.50312412182
-0.23253208946,1.61340643694,0.784222050321,0.20538679234
0.4079768772,1.21244003843,-0.0880560015163,0.0764337220595
0.748770929852,1.24817657277,0.411774974235,-0.641768933138
-0.750934374916,1.99516222697,-0.490100659384,-0.257991791193
0.394713466946,1.95972919653,0.453898972243,-0.145700132796
0.278204992628,1.56056017298,-0.0600279774063,0.0211608148405
-0.589280747275,1.4269120895,-0.112950243463,-0.0926125368588
-0.433350220747,1.39152368847,-0.329656639639,-0.212137335937
0.551267076059,1.5143044743,0.516784250156,-0.394450576277
0.81784383907,1.38362533804,0.992772868182,-1.38567012333
0.105485003762,1.98934566673,0.677211884608,-0.0547295066034
-0.977166320454,1.15023467278,-0.165376488814,-0.333810779888
0.14795763115,1.19767051683,0.123872784078,-0.0389075186883
0.185185352913,1.75042361086,-0.184975961451,0.0341723427535
-0.46047988071,1.16279337175,-0.882179883848,-0.861652914608
-0.962044778858,1.61268896669,0.564816445028,0.571782782151
0.314633302916,1.6050858357,-0.300493143602,0.11367053878
-0.155724901737,1.19728240684,-0.481784783372,-0.154606685366
-0.754373979571,1.82141339788,-0.441335607397,-0.279946301624
-0.477216031549,1.01025409499,0.18986778679,0.254202858489
0.00808319519073,1.30328243087,0.927705486466,-0.0132552692894
0.743246701762,1.2844618631,0.341683372243,-0.498858035606
0.719270690018,1.97422170979,-0.382953810438,0.228447316365
0.866916760233,1.39467388504,0.466927986315,-0.683574424356
-0.78529545562,1.20050901431,-0.954347287668,-1.44643154572
-0.856829384936,1.57109485838,-0.81321653221,-0.780034799688
0.856313044174,1.93429874803,-0.656827723841,0.49321563956
0.439693483966,1.26483633606,0.0692468067607,-0.0597214786712
0.230188824411,1.31950653407,-0.0938509058232,0.038100852935
-0.314863759885,1.91850041655,0.74581195458,0.185560690739
0.415494788237,1.62260806939,-0.728690417642,0.35994233784
0.524186974717,1.37693425986,0.161566345041,-0.141421515166
-0.738037047522,1.20320119864,-0.574268549,-0.817924165629
-0.947133574986,1.83811142697,-0.671531306226,-0.515887094551
-0.755693797735,1.40564516326,-0.0505430081751,-0.0539185697921
-0.927771741799,1.10178125776,-0.486567086526,-1.02089892773
-0.2363879623,1.35522919569,0.988746976028,0.372957671177
0.460017990467,1.8096232113,-0.328369334288,0.145055697507
-0.705692792659,1.06249439503,-0.787753358454,-1.37993658171
0.217469531952,1.29723181482,0.566554691413,-0.224530385938
0.343663094815,1.88468931604,-0.201000860488,0.0604171341848
0.383834938648,1.44590718781,0.424060051419,-0.242890415391
0.40436926807,1.72358589163,0.905891502312,-0.38551048531
0.998991198711,1.66057717397,0.0185913040058,-0.0224482998708
-0.431944675491,1.98605965042,0.95207081308,0.299825647036
-0.0917292959427,1.78720084202,0.350677055252,0.0299381081378
0.285222395537,1.58848323403,0.39107707023,-0.136511455507
-0.707003246956,1.232752462,0.987378063232,1.28708267881
0.371551084968,1.81253737875,-0.291935091053,0.102871676124
-0.242641157911,1.61298407657,-0.419884926019,-0.114694842729
0.672980740853,1.6454758262,0.457698493001,-0.365912703038
-0.513665205288,1.85430451147,-0.8070945956,-0.344040515063
0.523873761017,1.55132438004,0.856030140358,-0.589930546543
0.32090768918,1.38274286569,0.764389327097,-0.397647730266
-0.16392390187,1.01887733904,-0.609081076716,-0.283879108969
-0.256543152631,1.67006346274,-0.477158314851,-0.128374042466
-0.660640738674,1.91166084312,-0.140406332391,-0.071427969411
-0.557042392763,1.70367121286,-0.10187143276,-0.0555581890077
-0.802766646723,1.28385414304,0.261584864783,0.353799177057
-0.887012607646,1.23194104623,0.0699849297941,0.112711181427
-0.292473191896,1.32332066986,-0.403625639842,-0.19648804398
-0.759276105707,1.76937643263,-0.841455772893,-0.569021600238
-0.520806595303,1.23293380554,-0.229940073191,-0.224638317242
-0.952443255866,1.56347953666,0.129678625905,0.138399127121
0.450852350436,1.78495013226,0.147532807389,-0.0655884573447
0.333885444663,1.627187942,0.338793991336,-0.13259497585
-0.0176521107951,1.86097434978,0.393412870265,0.00600509307263
0.74503553498,1.89924745334,0.962741817764,-0.644570191049
-0.178772647058,1.48433327692,-0.80734473462,-0.193073682853
0.46738295107,1.98550201105,-0.823629517656,0.307307538982
-0.734872356014,1.21273606845,-0.888341164732,-1.24046204164
0.768241851125,1.26197204898,0.669004888305,-1.04873223647
0.968609498242,1.99738892899,0.661866370118,-0.53377766245
0.473894554396,1.33881891744,0.948399340244,-0.789650929741
-0.332321586404,1.44700526825,0.315879173648,0.145566909233
-0.484595633999,1.76004054141,0.644839744759,0.288639338444
-0.568953923176,1.492678851,0.163318690303,0.118377585065
0.348245851857,1.60766920997,-0.468062692995,0.196025059485
-0.0609562307992,1.43007921888,0.50011559582,0.0444478037255
-0.109823192438,1.03482185668,-0.736206698622,-0.224047621146
-0.700218952922,1.51753997265,-0.124966307553,-0.106530780961
-0.423701900253,1.31691307847,-0.893272779481,-0.628101111906
-0.138307966382,1.053807767,-0.772859470918,-0.284826710338
0.41363807595,1.75081735548,-0.798948214213,0.337384313941
0.12393560401,1.39800131862,0.384737186786,-0.0741109588719
0.606303982306,1.94804416889,0.818350426969,-0.417558075621
0.716856453189,1.26997663666,-0.865768342895,1.24356538985
-0.337883757461,1.72930949235,0.0547852189918,0.0179628348327
-0.572642050931,1.86817827287,0.508609060657,0.23679276089
0.619803832129,1.49076281254,-0.648286865411,0.578247431481
0.162681113735,1.76038266975,0.984412195003,-0.157595734343
-0.29815149635,1.75329973831,0.118551203891,0.0334959734931
-0.26240165921,1.38177531518,-0.532282507696,-0.213848474965
-0.351845365266,1.14417403366,-0.816779078288,-0.636173747169
-0.896452312729,1.7634834832,0.0591781611394,0.0469658295258
-0.80413762242,1.60396725564,0.255115403367,0.221415088938
0.939013727039,1.66757699114,-0.233639923158,0.261211918956
-0.496057246847,1.24505438258,-0.191676778162,-0.175315260245
0.0323618694965,1.65282438638,0.775895483878,-0.0276638355518
0.284314536452,1.27973867257,-0.69771475122,0.374009117861
-0.905955935454,1.54759642105,-0.56174501645,-0.584505208617
-0.980416541819,1.34250867908,-0.0234718679325,-0.0348840193212
-0.294190897379,1.4088727414,0.251037580536,0.108431003125
-0.79780804465,1.2374799945,-0.0934959438435,-0.135331987513
0.0788902782735,1.20914329192,-0.58433460571,0.0953433825023
0.458494708461,1.73487984609,0.180909530264,-0.0866485559246
-0.904661227126,1.92634570947,-0.0174712798961,-0.0117179412276
0.842613004052,1.63609198646,0.228417689715,-0.235554900421
-0.0694287012138,1.28492921064,-0.455948095894,-0.0571231918991
0.374248597923,1.2447236583,0.721351131381,-0.543059761233
0.942172877207,1.25697506885,-0.70843271369,1.39917844157
0.604257867544,1.93438204967,0.608204368441,-0.313601049686
-0.343325125823,1.89756709326,0.57784618342,0.159802892041
-0.165357868076,1.28651203483,-0.0657061353346,-0.019373213478
-0.707710916184,1.45473532215,0.993446566104,0.930801461394
-0.273961674997,1.4377803896,-0.749765634638,-0.290143967427
0.78153624752,1.31463068997,-0.338536565408,0.498207060756
0.487045579958,1.66392210252,0.542545120019,-0.300985327743
-0.747712604942,1.73411384119,0.447305792496,0.310448256258
0.803832053297,1.53264513697,-0.673616313689,0.751984785673
-0.109192075989,1.74921565677,-0.745816781575,-0.0789844082393
0.58736102306,1.91472367889,-0.65917546182,0.336592002344
-0.173378981126,1.64117853461,-0.291505129085,-0.0553333574268
-0.794475767601,1.28729782771,0.455766576316,0.607274093645
-0.193029553542,1.19314222482,0.628294290763,0.250738174642
0.815253851078,1.36269606331,-0.897517089439,1.28703892
0.338512130636,1.3079680484,-0.740237429847,0.454808161421
0.431200281977,1.68822995123,-0.0637872549973,0.0302561411634
-0.944654175003,1.59757666999,-0.556333643179,-0.564422039809
0.203548889554,1.37696404207,0.839917552427,-0.276129416594
0.767913394881,1.1183485533,0.791272148075,-1.57872013034
0.350260435191,1.32182948832,-0.29482959029,0.183745597289
0.77200694409,1.94660750359,0.821249226301,-0.54394299679
0.967246455413,1.73090969017,-0.169722542285,0.181982216672
0.483875515882,1.1960351391,0.827593876839,-0.882519230703
-0.606141274667,1.31507439458,0.0569316700195,0.0564405171991
0.98183803935,1.89824708012,-0.790496549,0.716535274492
0.745456155709,1.75052704721,-0.256508054721,0.202279419737
-0.287908387472,1.85873983944,0.957900606665,0.232772524581
0.0474031849077,1.09644555258,0.58676691876,-0.0697403055656
0.0162944392361,1.76965442806,-0.285622869592,0.00446565279187
-0.0800524720828,1.00862697105,0.386675728869,0.0905563622645
-0.825124370676,1.27971217582,0.780207252512,1.08941450516
0.320154750105,1.75306588258,-0.683202937752,0.220579952943
-0.530344497283,1.98977967526,-0.579883233797,-0.22129281526
-0.549810484863,1.20594224231,-0.121004707044,-0.130088486973
-0.312963704494,1.80885243992,0.743317118349,0.206823362128
-0.480405824727,1.4957607577,-0.152420918773,-0.0936853588019
0.323383024836,1.99234939779,-0.85650375233,0.216328225063
0.950261320522,1.26754920585,0.627078916625,-1.22947814294
-0.811273352096,1.27818106195,0.674038035228,0.928776598386
0.945658092304,1.80805731421,-0.197724721308,0.18951129247
-0.435700346951,1.66091563697,0.607641007451,0.275892241543
0.961979373699,1.00004482605,0.923725432804,-2.94929118929
0.114827034441,1.53943182791,-0.213489214951,0.0313932405715
-0.0169715919096,1.51800521311,-0.231787395604,-0.00511270438508
0.641848920263,1.22423110245,0.417207284771,-0.572781632167
0.847302611146,1.24156227538,-0.694861177856,1.25190601941
-0.347357427645,1.38767634203,0.242868875715,0.127017595611
0.926394571698,1.31610751592,0.89095010675,-1.57546228928
-0.435801023673,1.37978108884,-0.204604031424,-0.13464105964
-0.298267117569,1.82644906401,0.651567966701,0.169709859566
0.489665572871,1.61839127516,-0.811295997457,0.478450830907
-0.0521433135707,1.65660546339,0.55367289128,0.0313961424336
0.84586462794,1.776511153,-0.381007359716,0.334658820811
-0.369109028075,1.57111423964,-0.260400088558,-0.112657492206
-0.303746111938,1.98622627318,0.51757845497,0.116026069008
0.451614737284,1.63945458156,-0.112903137443,0.0596027993481
0.959069378456,1.61135769949,0.703434583559,-0.862179995375
0.201050775216,1.91833488057,-0.906097749076,0.151556198719
0.68334475389,1.95156232756,-0.492119904548,0.284319844733
0.265786813025,1.37067744093,0.235932389847,-0.102865766773
-0.943766848626,1.4381228949,0.101309987448,0.126729990284
-0.998158738166,1.85471112257,0.0198692533635,0.0157264203265
0.164125082296,1.01920411051,0.551171576516,-0.265612001579
-0.0585939543188,1.283013731,0.595545875645,0.0632250816347
0.0550745607122,1.38535271185,-0.170832667262,0.0147883924917
0.394884838562,1.13244779869,-0.415365621204,0.399469202321
-0.21677891748,1.42755203837,-0.61202942559,-0.191166904681
0.0992124648398,1.73511886618,0.114125942595,-0.0113957697764
-0.540336663931,1.97001822607,0.554543785656,0.219748826061
0.506857691509,1.96910444751,-0.912543840315,0.376975856349
-0.010569911943,1.51915098546,0.214381176729,0.00294251436707
0.0345197003037,1.68507422549,0.551431441507,-0.020181037521
0.850823017454,1.33012017467,0.212874642475,-0.335676259114
-0.00474779961469,1.07662260289,-0.244478893413,-0.00300276866242
-0.950885720357,1.44415486203,0.00653139244239,0.00815790379363
-0.434600316504,1.04352453371,-0.951513586381,-1.09180515427
0.535593816198,1.25439492719,-0.849769266206,0.916844913534
0.921212693055,1.9129000563,0.881366894112,-0.733205138367
-0.348585424992,1.55701304654,-0.810385523633,-0.337797679078
0.707849866043,1.19575813042,0.743698367596,-1.18865640277
-0.16538548671,1.13595936072,-0.041410827678,-0.0156632947156
-0.814308432363,1.78285701038,0.393600176024,0.27972655244
-0.609019192575,1.91199465657,-0.207575460009,-0.0977866705298
0.232178514821,1.22395459243,-0.878202731928,0.418032205103
0.821932281955,1.42276382582,-0.18876288756,0.25052843074
-0.627934175481,1.46591324773,0.859538356584,0.708982052604
0.10290835196,1.49892665876,0.319424536993,-0.044347770621
0.589776648254,1.48498333311,-0.21682004189,0.184869455266
0.48761347351,1.79636600382,0.749679380334,-0.357267387256
0.806955059277,1.5208209996,-0.4233670903,0.482027831978
0.0303394169823,1.501636817,-0.0541106949557,0.00219079332407
-0.677466002387,1.42363418748,-0.70009542147,-0.657507911911
0.0990196493639,1.00183346887,0.219831833363,-0.0657149148379
0.783170372243,1.09530747956,0.495227740133,-1.05227390717
-0.570564717377,1.02290969266,0.580259720975,0.897998920594
0.896232884636,1.38779606576,0.704875379362,-1.08089131595
0.458171742157,1.63421583893,0.618860215492,-0.333804120342
0.519207903623,1.59232482673,0.458071361288,-0.296816291133
0.0686468334336,1.69159794618,0.435654070274,-0.0315704531067
0.948719474694,1.72096374416,-0.66041439481,0.701168074906
-0.873677482323,1.44607191664,-0.261019543522,-0.300877139578
0.0808301923963,1.61375982822,-0.556112448648,0.0522040694304
0.224008546867,1.58280951493,0.057354282799,-0.0157374215812
0.393200941005,1.22976912977,-0.708415318897,0.575172172591
-0.822802854003,1.71642526195,0.863384536477,0.668392806449
0.765008570927,1.08466675533,0.295304988407,-0.623776750204
-0.0962196272027,1.50719021366,-0.135902668039,-0.01710479947
0.843768568294,1.62604276511,-0.952057266728,0.995467262178
-0.68284782431,1.19338166661,0.690990917691,0.930404406223
-0.468810743488,1.01739675457,-0.58535073398,-0.759725901407
0.305322198121,1.12416265263,0.676225807119,-0.505568131222
0.976868051599,1.98122657043,-0.417440883766,0.345403350884
0.755544929469,1.34876802728,0.727186405988,-0.980102418365
-0.596494914994,1.0364800704,-0.307561756263,-0.483477410017
0.82169791361,1.36369747304,0.162031504982,-0.234010037252
-0.480057386982,1.36525846658,0.334722886962,0.246777978587
-0.194020956394,1.10155640427,0.879412708501,0.413812525124
0.84733010277,1.74356002999,-0.606129030159,0.553754625436
0.575274444386,1.09616744302,-0.569709293208,0.868214689491
0.530743694135,1.24889063296,0.904489174633,-0.975090179768
-0.359091211832,1.36014983015,-0.0864990527461,-0.0486230527994
-0.389839077127,1.27896039624,-0.216828554644,-0.149210740535
0.0577218328336,1.35062011874,-0.753391414886,0.0719332521321
-0.880984743627,1.19009534476,-0.275784603997,-0.472963847921
-0.327381908152,1.61102022843,-0.304922020629,-0.111730693575
-0.92610458459,1.51485434413,-0.543240590181,-0.601958282785
-0.154830464491,1.91333505278,0.229408773252,0.0286637469279
-0.703360408113,1.82026749083,0.0234638040719,0.0139606944337
-0.843218599726,1.81666701681,0.602383025827,0.425819241716
0.0814548214894,1.21440366134,0.484266821596,-0.0809000247865
-0.876650880946,1.30541374004,-0.00774871031348,-0.0109947613104
0.89112905196,1.38882312952,0.582742217702,-0.886706534805
0.366508414413,1.38153204086,0.258757557787,-0.154736440514
-0.452062420325,1.02536818053,0.59433466714,0.73348131792
0.218192916049,1.7358359152,0.236229945707,-0.0524638814726
-0.0368964063168,1.47057403588,0.680093054123,0.0346817044412
-0.547584718052,1.28023902943,0.418420887353,0.397604033967
-0.578955078148,1.4264346336,0.482486035501,0.389317878126
-0.61169620224,1.35753992931,-0.649131387761,-0.609115449781
0.321739657003,1.23958554897,0.073879971368,-0.0479515067293
-0.732607745772,1.88346619488,-0.966003428525,-0.557635626056
0.494867935079,1.90132319139,0.754805122697,-0.326118444286
0.82905166572,1.52329386263,0.298571978836,-0.348955675359
-0.0592468946071,1.22469848466,-0.435368897234,-0.0512885496214
0.276483063143,1.55961070352,-0.307325997139,0.107778788444
-0.977120548504,1.52203233237,-0.657763112253,-0.758233076035
0.500759349274,1.70974238943,-0.30631798239,0.165719099744
-0.548771978873,1.56064234785,0.92836879874,0.594874070078
0.101534614287,1.65926694453,0.371832251852,-0.0415606224511
-0.323805471191,1.45178617201,0.817509426608,0.364966567256
-0.414744616559,1.44554560298,0.346589314688,0.198154966854
-0.859309321868,1.10755225948,0.16178976388,0.313105834315
0.634654852041,1.05884214865,0.212355157937,-0.385066240454
-0.304244062095,1.57977740989,0.142891168967,0.0507155126045
0.728395698429,1.50890898055,-0.797913538636,0.825968502414
0.645790684585,1.90528948767,-0.142986267245,0.0815789917185
-0.412110561562,1.93636052895,0.597260223993,0.189141739381
0.363424457136,1.14262804147,-0.515460118271,0.446681522733
0.274263573323,1.6948166378,0.330623464335,-0.0973767159256
0.358045341426,1.07572966858,0.225654419672,-0.217235975306
-0.051824884143,1.85603991726,0.635546005823,0.0285356027084
0.315510312218,1.5452374072,-0.329739803875,0.134970551146
-0.678748237008,1.01473351094,0.541488759062,1.00275551953
0.673954616063,1.03895834666,-0.924292893783,1.85638360257
0.0251761795159,1.00545037847,-0.255771145,0.0191573798918
-0.150580353734,1.05530693724,-0.251504813822,-0.10050494032
0.56013871963,1.87904712023,0.484986827501,-0.244515186669
0.0117346054992,1.89719497395,-0.627422616864,0.00614378365347
-0.672223396808,1.59070058075,-0.302185886202,-0.225671787263
0.654816847653,1.46350702963,0.443451877757,-0.435221312899
-0.58281421368,1.92164716552,-0.302474137026,-0.135329090976
0.102278238224,1.43493504986,-0.60834446939,0.0915913222415
-0.0235405758332,1.71535750693,0.345526326873,0.00827349545124
0.64160324766,1.05769458644,-0.991824121948,1.82347770794
0.230855561958,1.79574939697,-0.755239426958,0.166034470642
0.204043409755,1.76014081176,-0.18708569844,0.0377348596489
-0.877677851503,1.04399725099,-0.108054798631,-0.239974750591
-0.560549801745,1.45126403985,-0.360318658001,-0.272422398272
-0.0939887223249,1.80623704409,0.0942976918383,0.00807394446633
-0.118122474225,1.99079651604,0.0297651231758,0.00263031522016
-0.771125149373,1.30600836544,-0.880310700953,-1.10848319575
-0.374467701478,1.66654409433,-0.189370815412,-0.0738327811852
-0.718786625779,1.33809011173,-0.393349450491,-0.441960485386
0.516327931958,1.48922599076,-0.991314001796,0.73006305663
-0.196240489921,1.18755905633,-0.805443504359,-0.329757328039
-0.647768408165,1.02414835583,0.980918859733,1.70682801324
0.437138162508,1.81533502,0.430245717171,-0.179042065826
-0.667348259933,1.51222328946,0.0505469172803,0.041483953906
0.242948946199,1.44559274654,-0.883807183979,0.315924497538
-0.0785865571494,1.37272466733,-0.508565594263,-0.0631320639328
0.411539918978,1.39482278613,0.364120633323,-0.240985870864
-0.209237338626,1.82171774855,-0.616547273301,-0.114227676848
-0.653891919589,1.8664975071,0.391948142907,0.207153712684
-0.080232748872,1.05729356595,-0.856758349625,-0.183007771902
0.152133293073,1.96437542167,-0.26939958561,0.0323557371985
0.35992756864,1.54158153828,0.303782401736,-0.143181095345
0.246671624906,1.60999056549,0.754923160536,-0.220975278727
0.116765551823,1.84405013389,-0.999962340286,0.104225764513
0.983031997121,1.6045537123,-0.705018385139,0.895612823894
-0.273014318554,1.98255735395,-0.719885511093,-0.146022809056
0.882859349449,1.17892809791,0.412649380552,-0.862503132259
0.712202224593,1.40757787915,0.78570463027,-0.912276055613
-0.935361055304,1.86964716931,0.191058729499,0.140253912259
-0.60019342712,1.65286521857,0.295217002026,0.183554562312
0.836015611711,1.73771645756,-0.604127897324,0.547548210633
-0.40092058444,1.32035978057,-0.0849307388245,-0.0563362788742
-0.299513639915,1.42019676446,0.787997138625,0.340838578505
-0.800510744163,1.52709155843,-0.545710653371,-0.520327052437
0.602769627675,1.71234321199,-0.76618420852,0.502833618083
0.666681076603,1.3643895952,0.353280165138,-0.406673369173
-0.0087769824466,1.39680726175,-0.196705598883,-0.00265234018572
-0.309325065429,1.78565843933,0.745056942167,0.210328836231
0.552540894632,1.89713614089,0.768077846898,-0.37443712739
0.00507472581664,1.91171381111,0.236311428363,-0.000984902535917
0.169196733909,1.26031678904,0.471624110019,-0.153306574689
0.0235609423295,1.36054966454,0.0170784738209,-0.000653670094208
0.38767145605,1.1960278073,0.749602881202,-0.634023225153
0.0188621015931,1.23680665434,-0.75276877024,0.0278990391054
0.671036012428,1.37926968053,0.8626055252,-0.97847001803
0.477566755145,1.39716279008,-0.574332659101,0.442666743689
-0.578911767242,1.22333870609,-0.963867778395,-1.05734487742
-0.321971207186,1.05283975539,0.616742599623,0.520660994035
-0.377922075179,1.63351193189,-0.0391405678975,-0.0160249104183
-0.540388823447,1.86841813324,-0.554716993735,-0.244396118813
-0.178360102694,1.90792800794,-0.412522859107,-0.0595751588381
-0.750672955913,1.12492826583,0.278630925078,0.461228390942
-0.33553192206,1.05519064883,0.0553012060692,0.0483721066891
-0.478016806167,1.5939839867,0.808970763708,0.43576289556
-0.154208659266,1.43727416789,-0.849397047194,-0.187333496562
0.308394717469,1.23832025637,0.158903687847,-0.0989237313299
0.453346386677,1.61587750673,-0.11625614557,0.0634306697629
0.227063951489,1.26535507278,0.742207149964,-0.323105761312
0.0171952132837,1.0959763647,-0.443616333847,0.0190845267353
0.705726758839,1.00417484716,-0.281010076536,0.634812717977
0.564789645428,1.3487432263,-0.735885420355,0.726453865677
-0.126452127551,1.00914118861,-0.281259553159,-0.103465008792
0.854003618851,1.65729511799,-0.303835557037,0.309876637867
-0.351095390481,1.69765250537,0.683033435465,0.241159534914
-0.502064313619,1.71519317586,-0.750788221491,-0.366013669087
0.199139520735,1.47380050031,0.0632103131389,-0.0177388331195
0.678706655719,1.82141284597,-0.0922423765694,0.0607352579838
0.715341972929,1.04427724003,-0.759447547565,1.60966391814
0.438377876806,1.69795728361,-0.908380874391,0.433363937453
0.838206868546,1.48655868488,0.615570457887,-0.764549556604
0.759011353659,1.27495919017,0.782481578468,-1.18613096807
0.881119354802,1.41864672989,-0.38090294011,0.548630903113
-0.845693264138,1.48069313093,0.312049509656,0.332943230979
0.134122446043,1.63814681904,0.871698219466,-0.132479143617
0.662944734024,1.92415170843,0.305244844531,-0.175613689329
-0.79472605613,1.60318613617,-0.14629511444,-0.125715552184
0.773504014949,1.43515454021,-0.942564089442,1.15096092876
-0.49826480735,1.13448223757,0.537978100141,0.595159185995
0.589396022246,1.36383565107,0.10099386431,-0.102019189714
-0.923626774064,1.71367696518,0.980673530902,0.847066390914
0.614912843806,1.28855313016,0.36668027474,-0.434089615409
-0.840044793176,1.58928195311,0.733783240841,0.675396035492
0.0350771300803,1.88964693299,-0.724818403139,0.0214357776808
0.263496102584,1.11701252241,-0.901486061522,0.586590926623
-0.684608666519,1.57647387524,-0.0751583975937,-0.0581311591282
-0.848979442388,1.04007153336,-0.147124184986,-0.319291379125
0.611006778984,1.49137443017,0.86380261237,-0.758209786059
0.634271064166,1.52137225255,0.963061919666,-0.8453524158
0.50884391027,1.66410841353,0.962375299804,-0.558943558505
-0.599787644609,1.69632872253,-0.413721229195,-0.244067178258
-0.459460519562,1.01127510733,-0.484672632796,-0.624554055285
0.182997889947,1.2176091209,0.321850459901,-0.121402268296
-0.241104602347,1.4380594781,-0.838411000171,-0.28634079295
0.787109337563,1.91331895201,0.490716302161,-0.343570717201
0.129803328996,1.05402175653,-0.888667306487,0.31558861774
0.0483445119706,1.98215934841,-0.110733138838,0.00410746226881
0.675270036408,1.05667013366,-0.868339504917,1.68955823278
-0.0486109492435,1.89570094643,0.540483062276,0.0218268849457
-0.501299818018,1.58325327609,-0.589852303485,-0.33699094598
-0.976026589296,1.71191529641,0.496483178706,0.451936842614
0.905688236233,1.83687382787,-0.903254626909,0.799800526397
-0.321001021166,1.15503232483,-0.0870926290674,-0.0609114546659
-0.181018717468,1.51559280819,0.557551370166,0.129471243219
-0.70123281413,1.16171079045,0.210762866921,0.307006608274
0.181379997755,1.56852154754,-0.633022830421,0.142593125877
-0.446477605266,1.3728261553,0.283522952745,0.192889323877
0.818309575952,1.34938745098,0.127109527543,-0.18664699958
0.704660062776,1.43068343404,0.822491512599,-0.913860622239
-0.467116757189,1.95987067632,0.967038815002,0.337061158786
-0.7411793804,1.21814507131,0.666871322683,0.930329154917
0.10938505888,1.95926154032,-0.958514660292,0.0828456859125
-0.871855585002,1.33248687193,0.0271604546297,0.0368021584757
0.606477150073,1.56162489141,0.119561583637,-0.0949610295755
-0.613957648555,1.26293277405,0.556682179156,0.605660387008
0.541539642769,1.93966743973,-0.105001910623,0.0479373156754
-0.798409008858,1.68796733518,0.67444070292,0.5250523498
-0.452520532376,1.0691840212,-0.387194469766,-0.4399088926
-0.63102828738,1.08848596038,-0.371639344525,-0.55856128539
-0.242228016752,1.06174706364,0.680181835485,0.428089011955
-0.292837121033,1.36422819917,-0.296090182344,-0.135788267003
0.760208876873,1.72404330111,0.315790385529,-0.262237383094
0.496495361946,1.39619448085,-0.339188401114,0.272710474142
-0.905211017933,1.43077447976,0.950206716042,1.15587996936
-0.278249833704,1.3094906366,0.41950491346,0.198686909893
0.289467053703,1.60853080423,0.802256922194,-0.277288614553
-0.782108872123,1.02417538864,-0.0834028786024,-0.173028293294
0.662885892383,1.82777493371,-0.139714343407,0.0890723529371
0.0857842759858,1.48944401922,-0.418590481089,0.0489791854964
0.148225139776,1.56437607787,-0.0819119068973,0.0151075259461
0.869987429955,1.42182506582,0.578736424797,-0.818373092214
-0.882475450192,1.55346883669,-0.929203414759,-0.936702969836
-0.310466666494,1.44633119347,0.632500747495,0.273138832167
0.261859425861,1.88631094598,-0.482455585599,0.109381580796
-0.460142519966,1.94205630895,-0.228934342963,-0.0801056835572
-0.0753139932053,1.49807214161,0.0235888698371,0.0023571109105
-0.503707192813,1.72992898819,-0.929340235019,-0.446760726296
-0.453303680144,1.74982333269,-0.642321343563,-0.27291089842
0.761968469386,1.22718870551,0.386709400046,-0.635390686501
0.0858233928333,1.3076229611,-0.923739296923,0.140299016509
0.444640239701,1.35815354461,-0.369222882752,0.279430521506
-0.874112889957,1.11607816639,-0.957344277788,-1.85342007753
-0.63599772013,1.2008515874,-0.783381165656,-0.974525103373
-0.187320486816,1.31688266621,-0.734339924114,-0.233587469222
0.213476850863,1.6279418725,0.734756248901,-0.181430006117
-0.356049004028,1.67762969619,-0.860994540074,-0.315533242506
0.776658119924,1.24083559148,-0.0056204359252,0.00922155905769
0.737018670916,1.90103323937,0.277832877373,-0.183507226626
0.321387575374,1.94341781214,0.126869133575,-0.0334626903799
0.386543839469,1.42926416181,0.415527127307,-0.245366254806
0.991293655034,1.2394852702,-0.338762460376,0.727903300981
0.480049660623,1.88727850163,-0.256999825027,0.109152473295
0.695236235325,1.29473466192,-0.101121308786,0.135216420429
0.700421776881,1.75704661053,0.424483877045,-0.310679271041
-0.20428074256,1.39029385292,-0.0449308641924,-0.0139603996354
0.448695460898,1.2783738786,0.550295308751,-0.474559064024
-0.838963701447,1.61421593038,0.975272905706,0.869119642193
-0.92230875711,1.02336746161,-0.439885987079,-1.06404515001
-0.732319142929,1.26311033104,0.0684499443783,0.0878250868446
-0.601746112675,1.60955135474,0.0910484991668,0.0598439517162
0.787269027848,1.2611557445,-0.885397542529,1.42710819166
0.0197780885478,1.80893485876,0.251360981021,-0.00456685666051
0.108637558526,1.77779112758,0.761190584048,-0.0793555076949
-0.95034094979,1.70373879216,-0.791086445683,-0.709563024199
-0.537481475357,1.07424844244,-0.802183424106,-1.06368283157
0.166524695262,1.70043584764,0.865170428623,-0.152010656228
-0.506781880325,1.61677606669,0.387967538066,0.214767351988
-0.954204339659,1.22210697184,-0.563289206345,-0.985586600014
0.257385058438,1.89525143431,0.111172055281,-0.0245296309995
0.622511473221,1.59761339314,0.777377788763,-0.606555878168
0.423198802267,1.94558360509,-0.925881364023,0.32426551102
-0.386131609701,1.76682269298,-0.765085864845,-0.273355004783
0.194045193021,1.70023738099,0.776069917468,-0.159373453989
0.951560432615,1.47163819107,0.78236669636,-1.13970432178
-0.202605983268,1.65497877029,0.703228787249,0.15295870317
0.505248390569,1.15307776091,0.460567413198,-0.552991684059
-0.731912622292,1.31892321642,-0.178378411126,-0.209800553074
0.598929015184,1.23236265906,0.709401004277,-0.892758540626
0.699851418614,1.83728646053,0.332516402321,-0.222380416216
0.948520538616,1.03111341117,0.374322534766,-1.10683153861
0.424643600877,1.16918162203,-0.0752735142422,0.0732603725323
0.0456566239837,1.64907956207,0.903382140127,-0.0457088940893
-0.317142857241,1.5358024739,-0.456864306429,-0.17862130118
-0.812039618469,1.86973358151,-0.99595522721,-0.641905657694
-0.877379316016,1.63889954751,0.158022150315,0.142363176467
-0.683687245289,1.46252103416,0.513782717181,0.461140022131
-0.682246613599,1.57902758538,-0.634583985397,-0.487651671326
-0.01637985986,1.4364044473,0.339625372163,0.00807546046573
-0.711353938701,1.02619961965,0.410912170708,0.777406076913
-0.233882706725,1.96892162248,0.625188289489,0.11056887956
0.614737556942,1.04466024939,-0.569408078963,1.02526956535
0.816766404949,1.27792441812,-0.71839528856,1.1737527628
0.904318578294,1.79378286649,0.728438953934,-0.675244236771
-0.710895303175,1.38276005197,-0.378451752796,-0.39411049302
-0.732076575715,1.11803489419,0.872785264865,1.42886333387
-0.230682753085,1.90184936558,0.0663108659151,0.0124012148019
0.681877472127,1.77852689709,0.812825763001,-0.564125544442
0.0972915163861,1.5967318591,0.662040057461,-0.0765354286489
-0.332739835248,1.51606735973,0.273951188098,0.11514544176
0.774178539055,1.04306971844,0.0887635220033,-0.205383328577
0.0343031562532,1.89353171942,0.386938877835,-0.0111440964748
0.0749050047989,1.96338348378,-0.89054325407,0.0523048752028
0.858272338046,1.47007679534,-0.217578546051,0.283565973458
0.200012934219,1.15811830362,-0.580067493992,0.264805201285
0.110118199069,1.63148563671,0.469711667948,-0.0589459664741
0.00232655351445,1.19405795017,-0.504081055834,0.00246822599003
-0.297492125628,1.16235043444,-0.96581294855,-0.61956106851
-0.555314279823,1.11471974627,0.714057947927,0.906965978099
-0.729984633876,1.23097649582,-0.504287300378,-0.679226127104
0.323822131834,1.50386142447,0.0637029332702,-0.0282792398161
0.560017562216,1.60133130324,0.621420683793,-0.431295605169
0.67259248366,1.37425306954,-0.350464301292,0.401441871157
0.958029367479,1.27222697639,-0.546129549391,1.07251521011
0.45303640975,1.19763265981,0.564749671826,-0.560528657143
-0.514979774668,1.63476026827,-0.868085953213,-0.477262780271
-0.237792086994,1.35215843427,-0.531814188803,-0.20268289783
0.0597280043696,1.60978411699,-0.826732619032,0.0575083342059
-0.928220356404,1.7292005814,-0.520532441951,-0.443588170363
-0.591180398897,1.86071011208,0.880332911321,0.425781137791
-0.205680804297,1.77558549275,0.999254193914,0.191631032343
0.0692359772363,1.05450700899,-0.861543792537,0.162049925321
0.439097278644,1.5858422421,-0.970789989207,0.531849096855
0.720918757956,1.69802376789,-0.0617242569303,0.0498965989023
-0.564576177742,1.35222587338,-0.627200182259,-0.549919877285
0.973538250311,1.8394719555,0.817072471061,-0.781323639965
0.901786373581,1.16601937978,0.227097408904,-0.496671723288
0.621402696199,1.97316260111,0.756457063529,-0.386202455933
0.107944467518,1.58007053326,-0.041882695875,0.00549182611036
0.303115798709,1.49554577531,-0.393156330571,0.164840328191
0.380494973515,1.61822803597,0.997833837443,-0.452164266144
0.770514288634,1.48645764117,0.272330625539,-0.308685235583
0.285412705068,1.08509370511,-0.830549573698,0.621729211436
-0.92489292606,1.11845952763,-0.652223550362,-1.32419350284
-0.846107695176,1.52459378643,-0.826669193902,-0.832331728237
0.978497973928,1.94109798624,-0.373023653243,0.322139356989
-0.622912634682,1.3562926246,0.138736799278,0.132675170838
-0.401509839574,1.48091050509,-0.504083347449,-0.266174094985
0.0894505810754,1.53949649426,-0.887861427876,0.101436549994
0.485003234441,1.55130820306,0.636127689533,-0.404208429994
0.98568076683,1.15176553484,0.308686669446,-0.763333496938
-0.717302077844,1.94282231799,0.602022411983,0.32024647905
-0.406856290142,1.57400353992,-0.677583723317,-0.320770401374
-0.156961905669,1.24178781402,-0.0981128397709,-0.0294973331091
0.73734074146,1.63393216501,0.535685309316,-0.479176476648
0.571197817946,1.87220277263,0.739165682071,-0.383254530413
0.102590182376,1.6263392332,0.0499389771345,-0.0058711458381
-0.246258964763,1.7459957679,0.572842016656,0.135486638456
0.491517804086,1.38422589941,0.656614460582,-0.531429687785
-0.973726975792,1.47142636406,-0.645498813336,-0.793638426612
0.980460982279,1.46221900785,0.324622070703,-0.495131346329
-0.251251838984,1.04461204665,-0.222005063646,-0.149591329341
-0.24575805775,1.32481145052,-0.586237503942,-0.240353459138
-0.800301618898,1.89445512514,-0.0132604326449,-0.0082134972319
0.00189211303245,1.09711769334,0.431490225656,-0.00203523722409
-0.849523009669,1.54033947979,0.047081210117,0.0466122942363
-0.511086256041,1.83783677589,0.842791810871,0.363977291237
-0.0387384764397,1.51991370194,-0.972033990512,-0.0487111342117
0.251759369434,1.41867653238,0.270144903542,-0.103994570383
-0.584981719722,1.76050707971,0.823905880105,0.44073291703
-0.302183340441,1.21443238876,-0.365039812942,-0.217799083879
0.918422990999,1.27406986402,0.422067678111,-0.788857102804
-0.31904161933,1.99636809533,-0.371356338613,-0.0864248892189
0.157796652427,1.07422852646,0.589448389085,-0.245685275988
-0.277275802795,1.79098742512,-0.967634184316,-0.244163838586
0.92402834548,1.09161904743,-0.868937626375,2.22720304154
-0.556503117566,1.80388816605,0.457350384457,0.222279087653
0.00077452157067,1.49532091016,-0.752533080668,0.000782069219965
-0.554149107325,1.64810294914,0.569227510905,0.33009722668
-0.976185505099,1.76189150834,0.175216918771,0.150598236111
0.46335377431,1.34296422238,0.675626182189,-0.546029206099
0.246899115993,1.88286604653,-0.595564323009,0.127581557303
-0.0411102604531,1.62301126972,-0.592636590641,-0.0276334518361
0.226997837847,1.89194970454,0.976746110714,-0.190141754553
-0.26294090813,1.81277316601,0.429905248022,0.100552623003
-0.0776862836605,1.31724768626,0.755750999103,0.100727628092
0.141134577964,1.59069514338,-0.193072716596,0.0327698717998
0.811236567576,1.17515744637,0.589274667989,-1.13015330945
-0.557191345308,1.87731648634,-0.0377888734967,-0.0169772045437
0.19748007367,1.22260186661,0.893144426094,-0.361125690032
0.742994597655,1.83927805339,0.355558641951,-0.253077103174
-0.754754026003,1.65666941173,-0.970397201207,-0.744396014148
-0.0638222933259,1.11739375844,-0.796717229653,-0.121401045786
0.5471528063,1.33872387584,0.932167954665,-0.903190579667
-0.0938249905155,1.11309310413,-0.600553761474,-0.135167698896
-0.801525528116,1.24952500469,-0.239663276488,-0.341715837011
-0.640895214444,1.04008598568,-0.695872917053,-1.16230889649
0.150317040655,1.88070962233,0.769427190672,-0.0995935600136
-0.822730562925,1.64425845314,0.735460102418,0.620384573866
-0.0366117785969,1.42791383149,0.851410399203,0.0456972331998
0.883516390766,1.94878676128,-0.311023229186,0.238107291473
-0.394222373955,1.02840237968,-0.966865447454,-1.04018458668
-0.758914337662,1.43691305849,-0.456183568192,-0.467545861757
0.715809906487,1.14698027821,-0.445419931579,0.783127872164
-0.0573604592068,1.90742629445,0.97593366189,0.0458959777172
0.676260638317,1.32214074539,-0.903783666784,1.12500473369
-0.0754904291584,1.78649938957,-0.0551639419898,-0.00388504902094
0.920905553424,1.30213958125,0.809644781108,-1.45302555587
0.931665810041,1.02212041791,0.424087794699,-1.2511389432
-0.745782470284,1.18650362846,0.315576093196,0.466725290751
0.85301610941,1.31248664939,-0.909306374743,1.47679774429
0.765301116876,1.81580451743,0.907026642438,-0.683931682432
-0.45299418905,1.87750228238,-0.447761308973,-0.165142476474
0.37817158656,1.69737452162,-0.843653738864,0.345272047445
0.371157350877,1.19760670166,-0.673964846294,0.543393001408
0.0716347705968,1.25451820611,-0.651025724221,0.0895388674528
0.382357845645,1.73423822588,-0.483877676465,0.191884866244
-0.42814386946,1.39200845933,0.656149650986,0.417083609616
0.880190206054,1.44541748777,-0.614174414485,0.851171584509
0.890159244357,1.03209767022,0.43085146349,-1.18567087735
-0.998774709481,1.65383560136,-0.605290753309,-0.602870247761
0.79373300983,1.48885409698,0.810519478589,-0.945739017896
-0.541302525333,1.12335779733,-0.813945863491,-0.993633768955
-0.705410079148,1.39716201366,-0.152476207077,-0.154407413736
0.775461391234,1.38217193494,-0.944915272447,1.24739933883
-0.11153195402,1.33827981707,-0.100405682153,-0.0185510305907
-0.855535545331,1.94992496731,0.184839197488,0.114938713844
-0.121942615153,1.53464668948,-0.836019453571,-0.128295805565
-0.114888364416,1.95626663278,-0.137903398791,-0.012278776171
-0.260960158257,1.9060085842,-0.281742172619,-0.0591710962235
-0.72365366876,1.09577526962,-0.637781342883,-1.07532084495
0.355644652531,1.46205777286,-0.889648174056,0.460419339875
0.400084725626,1.69200572601,0.424181981507,-0.18524836583
-0.222515290393,1.51669943643,-0.90495313818,-0.25689188466
-0.405465732235,1.81029779418,-0.66394009699,-0.236833285798
-0.882877910006,1.09430333112,0.361178982438,0.734049210699
-0.379463426154,1.6528127278,-0.211154020566,-0.0847751044431
-0.19362825429,1.55779962899,0.572417046242,0.134415873722
-0.273684880172,1.71671793536,0.181603112872,0.0492460292804
-0.0792854498188,1.93721655578,0.262753108516,0.0165225290144
0.497173405766,1.13500639637,-0.0621157027618,0.0756800003072
0.0901173383719,1.62152534301,-0.124910928998,0.0129602701933
0.517661438145,1.78092367648,-0.986433454185,0.509364635295
-0.323264384813,1.69829589152,-0.533368241243,-0.173725071395
-0.295646335463,1.36318816179,0.775011359132,0.359282939492
-0.746117160792,1.052395689,-0.996985852571,-1.87502726528
0.995015824793,1.04120303844,-0.730402086937,2.23336363512
0.53495035371,1.23958616862,-0.14292504329,0.157712721664
-0.336848398724,1.59041963329,0.136972194952,0.0529390999878
0.120564726868,1.14896988882,-0.84477415438,0.234278656544
0.122900828352,1.62891916008,0.912281464174,-0.128344256347
-0.607292579631,1.63978524019,-0.162462263313,-0.10377511767
-0.738144757888,1.74236327314,0.342085407564,0.232375679555
-0.682992733728,1.00551120842,0.14444922786,0.274022230853
-0.00852837646791,1.17798070566,0.935251669925,0.0172293752981
-0.659086725355,1.26955734617,0.634749474871,0.730535841586
-0.956357486896,1.431069539,-0.954389884887,-1.22033670832
-0.562295435975,1.61148851361,0.229303568412,0.141021031484
-0.790302909965,1.31660603965,-0.674879288798,-0.855451936227
0.632810707528,1.02374597238,0.212731405276,-0.411370338329
0.407080507761,1.26419824335,0.0194688774878,-0.0155081970197
-0.471430019514,1.11101336141,-0.503068872843,-0.550454436576
-0.106715176408,1.22316633884,0.015488671055,0.00327929531968
0.352928638932,1.24222376113,-0.766295854665,0.54501628217
0.324954237122,1.32563086705,-0.23392169607,0.13412684814
-0.750582937814,1.33666009826,0.984353238823,1.15397642254
0.0750121350074,1.30995948704,0.122789967512,-0.0162244488414
-0.838136515935,1.16626147337,0.72732096058,1.24055391955
0.910230940511,1.91200154857,-0.868573360966,0.713756416305
-0.163369122284,1.69528004629,0.557896589794,0.0936104509986
-0.100707649921,1.60669426268,-0.955460663505,-0.11070780523
0.163964406662,1.51484301468,0.174037910276,-0.0379279480602
-0.966930071607,1.91416228798,0.17892609313,0.129165763453
0.814304607546,1.6706612179,0.989976963977,-0.943288226448
0.693036064025,1.23154753472,-0.933792124411,1.37536163876
0.35554320484,1.08924178451,-0.18123259628,0.168936538657
-0.33453810209,1.99885013633,-0.55702806145,-0.135391805141
-0.452920113564,1.82252269,-0.355922751006,-0.139288445857
-0.968338811368,1.73353471714,0.535152850182,0.471650709255
0.734194539748,1.49170536931,-0.356499315748,0.380839355911
0.905121803045,1.05266520584,0.329882798877,-0.888813266366
-0.239463209822,1.34573356467,0.20749567128,0.0803847631283
0.0948042475829,1.78853457939,-0.39929971625,0.0358418408402
-0.118043186269,1.15907371892,-0.719403747964,-0.187420127235
-0.2464046826,1.04113914366,-0.355495544478,-0.236600315394
-0.0935909726976,1.47097498769,-0.870555428558,-0.111916821091
0.424510827635,1.87421781544,0.551990210302,-0.208997123609
-0.129159798462,1.06680888723,0.636832887248,0.214056008978
-0.414160948373,1.88063328171,-0.687278447998,-0.231841194654
-0.908824230373,1.04714297621,0.527095650623,1.20143608685
-0.97985752395,1.33809645079,0.286996320562,0.429130095364
-0.785052855756,1.53495518219,0.600476502998,0.556547829876
-0.334406837997,1.53042316887,0.642232513911,0.266182852315
0.622868968107,1.4831507585,0.604460421101,-0.547577049664
-0.645394864453,1.71375903741,0.175813650339,0.108877479864
-0.735046721224,1.2153196141,-0.615950774063,-0.856637834629
0.548579511787,1.42949271701,-0.456489514296,0.388983039233
0.52794385796,1.23623305277,-0.285068580876,0.31189857076
-0.0224952347649,1.75932111974,0.450150787792,0.00979272837143
0.80619956729,1.99921516283,0.914253622753,-0.60175036028
0.384800622557,1.93214338564,0.352709455756,-0.113432400881
0.853010477733,1.52981696087,0.349975112648,-0.418365301487
-0.30404627485,1.0905736592,0.111168515164,0.0827417950207
0.408856041665,1.76851271434,-0.720032715944,0.294413094327
0.809108383714,1.43055785436,0.14730628543,-0.190099396056
0.731464620825,1.86074599465,-0.436542892804,0.29850815779
-0.410356412386,1.9224690746,0.725154805095,0.232021849841
-0.617729914705,1.13203352332,0.0295085851358,0.0401900017298
0.488466368266,1.28546047003,0.393703064211,-0.367076614073
0.512955063754,1.39910201034,-0.0211929085678,0.0175614924651
-0.740538729225,1.26818334525,-0.596749598163,-0.767486968577
-0.607563090829,1.76029718712,0.381036583598,0.211296205824
0.592438884061,1.02570487155,-0.730218281107,1.31128057143
-0.593210239417,1.03465770895,0.510420453556,0.801008224211
-0.254086621167,1.82793354693,-0.101752059277,-0.0226375004398
0.302437786736,1.96994934404,-0.18984140583,0.0457694354267
-0.395528194355,1.34016265162,-0.139430747884,-0.0886126401792
-0.488058631457,1.78519753067,0.614506756845,0.269185866489
-0.966422060765,1.81057533188,-0.187108076536,-0.150897647663
0.759677046089,1.44325397295,0.270497594744,-0.320288240015
-0.24431724076,1.31385885876,-0.71841407895,-0.297762332676
0.412494174324,1.35463116119,0.0796807888746,-0.0560460403419
0.725508580774,1.5872086255,-0.0232026621719,0.0216144152726
-0.323295374293,1.41561553216,0.59052390885,0.276853003507
0.704349277694,1.29600127415,-0.961024472564,1.3006280662
-0.144405642276,1.21419469139,0.0515943891162,0.0149452995995
0.993944194431,1.88576475581,-0.0503133928759,0.0468443479205
0.641150341468,1.14138910864,-0.567726695246,0.895633912424
0.19543042256,1.12109422207,0.765652775972,-0.364277649667
0.0498779883827,1.91898324558,0.575196728005,-0.0234896107009
-0.0708172738126,1.37079007038,0.909508380173,0.102108182976
0.907676096556,1.50556448328,0.698744025908,-0.923201795326
-0.751515305324,1.83865755981,-0.00231521054172,-0.00143607854807
0.811683243459,1.64078135104,0.747211883493,-0.735553428746
-0.157241025488,1.44668008904,0.914013131383,0.202823741938
-0.458090545144,1.95222669716,-0.796651295287,-0.274680580645
-0.451519641864,1.02885460105,-0.956354674276,-1.1709259689
0.962134537999,1.23242674083,0.134859425513,-0.283563460011
0.0444379113075,1.1605836117,-0.130649592232,0.0129886585028
-0.408761237302,1.21370218985,0.852823065604,0.682066281017
0.612383913708,1.54960876411,0.0493782646503,-0.0402421711087
-0.819801702004,1.41664360319,0.516306310626,0.584786034382
-0.675793182774,1.2621311689,0.835874426142,0.996476275804
0.382210791149,1.44604907082,-0.0600766820759,0.0342522277186
0.603553733461,1.38257043573,-0.391979081935,0.395149940134
-0.506325551394,1.69804951002,-0.940473299223,-0.471569836072
-0.797901811899,1.05267735546,0.5443744801,1.08902670111
-0.933106691922,1.90000224003,-0.113175206891,-0.0802697746398
0.822511475486,1.68177886213,0.423461270458,-0.402545788452
0.522231464624,1.77579441764,-0.0417304698638,0.0218749008397
0.320753780016,1.56741999487,-0.991408700369,0.401174630274
-0.856643582929,1.59198797622,-0.718383943066,-0.670969671765
0.658348495697,1.43651778388,0.424553443419,-0.434974496983
0.309650711256,1.5760703336,-0.502788097944,0.194038408927
-0.177278816757,1.44182664203,-0.548327810716,-0.137835348194
0.391628289766,1.55896151979,-0.114548111409,0.0576318627805
0.838739343684,1.23577552539,-0.7550360644,1.3579430199
0.816794380001,1.31968211987,-0.0490609313276,0.0751686602952
-0.0987826430845,1.61370241867,0.0724732542634,0.0081670221786
0.900317964817,1.14518124544,0.548818924115,-1.24214294663
-0.556274836761,1.24209067156,0.380416725204,0.38981000651
0.869563619559,1.05398885415,0.12867116687,-0.330933158643
0.538154429343,1.54293586039,-0.355409456812,0.254733200394
0.312421185793,1.67511044798,0.496683722598,-0.171253523201
0.294259121646,1.41751227309,-0.106031491277,0.0479958525629
-0.585145032725,1.61936562151,-0.319066064934,-0.201780293962
0.122403611568,1.87317944702,-0.849873723748,0.0900450501956
-0.532817532647,1.18462372988,-0.0660307046633,-0.0714069160734
0.976965523122,1.11272961529,-0.302844617037,0.794490009597
-0.369312093602,1.77967670697,-0.0712801157265,-0.0240464517484
-0.442385774745,1.00133854592,0.606269627638,0.768469469106
-0.92900977605,1.30672840611,0.0444795520291,0.0664278910918
-0.321019890622,1.40862378485,0.853790505738,0.401505841966
0.17498854738,1.94511052916,-0.638463311172,0.0901664958155
0.821941279677,1.01463781615,-0.213590770501,0.55740595994
0.0697737649111,1.09300441584,-0.229502674518,0.0404947001336
0.366186179562,1.76522840437,-0.833692792416,0.30509085339
-0.264869014584,1.22011526661,-0.216727058503,-0.112696495935
0.317824163129,1.80159942289,0.776704155938,-0.235653753785
-0.445738581176,1.03854636538,-0.823385710273,-0.977268439258
-0.679499852886,1.36684577803,0.791766460711,0.808942732048
-0.512974180813,1.28366963276,0.258255461625,0.229421515102
-0.0849963028967,1.00899136542,-0.112530021197,-0.0279472479567
-0.0342509789863,1.52362614326,-0.35326045967,-0.0155828712492
0.894940799008,1.95727928285,-0.394534495734,0.303677189178
0.257642592982,1.66812920892,-0.95290519754,0.27168469895
0.639602923711,1.1075891551,0.261260305371,-0.436569572427
