-0.700251972498,1.1468250403,-0.78873279547,-1.17738136052
-0.935889380684,1.65264929652,0.826237613499,0.776667659118
0.146093802248,1.80852296784,0.201670747574,-0.0274245477306
-0.820759284434,1.3821271168,-0.958885263459,-1.14222060865
0.507270003419,1.70866054246,-0.707689984975,0.388598192978
0.423828792333,1.17155459054,-0.546479406404,0.528650381344
-0.704528447103,1.37436169214,-0.0552633594844,-0.0577680152987
0.755845361843,1.76729325685,-0.17574061481,0.138019962767
0.264137832601,1.04038443308,-0.369749690128,0.27803378738
-0.318002927377,1.45601326492,-0.564371191899,-0.246144932916
-0.971342082116,1.94260040704,-0.325937922859,-0.229404348229
0.424817888472,1.41473956476,-0.688282082585,0.457710076709
0.23930743152,1.39172063711,-0.483362647436,0.183554805277
-0.30933744996,1.29102484705,-0.0637885818401,-0.0344505964877
-0.0676241015998,1.57175547291,0.266067752329,0.0217029140124
-0.855086593808,1.56836050942,0.579502152029,0.556751397983
-0.611666648636,1.15422735967,-0.882231616389,-1.14512354777
0.410544789998,1.7464110638,-0.360685867809,0.1518882027
-0.686067865576,1.22282784621,0.232789568202,0.299849465996
-0.0616687794205,1.64428737675,-0.12427931212,-0.00845200968751
-0.554448591491,1.15704743154,0.419862635464,0.49425593461
-0.943417161316,1.54955044681,0.573441480178,0.617660370296
0.958957336449,1.38023166847,0.704641547663,-1.17697243974
-0.06949387725,1.55023703406,0.822687456323,0.0708759373562
0.365253514895,1.95401572765,-0.361551499043,0.107693483098
-0.308062083112,1.5546441291,0.878915196648,0.326037435355
-0.245213214826,1.98251974627,-0.771090972991,-0.140868762828
0.0891332429243,1.99591742371,0.10056843221,-0.00681123502249
0.33148757904,1.83008839151,-0.286026273636,0.0878396609413
0.84629112607,1.06281676063,0.747241797727,-1.83479823283
0.545216073843,1.2043990694,-0.3321391548,0.396111591274
0.274076258213,1.44458187348,0.118318087189,-0.0479323397517
-0.931720050509,1.53577892668,0.941908142404,1.02110249641
0.147553402558,1.98864516902,-0.908120231657,0.103170407541
-0.507771271556,1.13041430288,-0.933091122498,-1.0585893969
-0.522326596333,1.54694225901,0.120511373918,0.0749948512533
-0.621354195577,1.32962673466,-0.502911511055,-0.499243819033
-0.514061752823,1.05265991234,-0.264306098325,-0.349862213117
-0.210707306236,1.04628261229,0.283731584921,0.160455530407
0.522756278484,1.43808078019,-0.865313700208,0.692381537384
-0.938521894857,1.81001097332,0.681397193401,0.535358802494
-0.56494511528,1.04162969282,0.355140442471,0.525089937667
0.920741858144,1.96663012292,-0.579691799729,0.455995504092
0.119746374654,1.36787420138,-0.343791780812,0.0668064981934
0.246367859604,1.83025052043,-0.735636020991,0.166410544535
0.267274267128,1.1456871509,0.037928205531,-0.0238053257011
-0.937399165008,1.64081690558,-0.394615209691,-0.376864588205
0.473015562842,1.36344818931,-0.131021975802,0.104980368778
-0.118002663577,1.62574418536,0.916525338817,0.121327244181
-0.0640613381674,1.47719261455,-0.496472593105,-0.0434475217921
-0.839701475755,1.2618270417,-0.587349224083,-0.857285716505
-0.236849249089,1.15115310098,0.333963779899,0.174928330588
-0.789410877482,1.8592758235,-0.16490658052,-0.104707302452
-0.67092334212,1.84212891177,0.519629258493,0.288832271382
-0.362543832388,1.5860214261,0.902623909229,0.376620649945
0.359619502026,1.63404775068,-0.487303053651,0.204239604337
-0.0216790970343,1.60227296034,0.879020102659,0.0222201891577
0.812598533967,1.40846877101,-0.579294375674,0.774835415013
-0.853640403793,1.35663712903,0.987423661745,1.26589277434
0.557525024696,1.51751456188,-0.876730071258,0.674372646258
0.193578081327,1.36534523436,-0.742120572111,0.235752536517
0.833192114422,1.3676220921,0.218224482904,-0.318140920913
-0.931721374767,1.75987947864,0.366139442701,0.302273045311
-0.516035835378,1.80495119039,-0.357320466042,-0.161464118664
-0.463684510991,1.82983366101,0.992822429805,0.39419177838
-0.277857134554,1.32018692533,0.121833521986,0.0566938793581
0.245437468455,1.81618994564,-0.017417173973,0.00398574468868
-0.0666340201134,1.11747684674,-0.634986771813,-0.100976566953
-0.470627744479,1.65952077357,-0.688377164905,-0.33704441118
0.472889162995,1.71694711332,0.00595968695816,-0.00301043331226
0.567899389544,1.91530996675,0.727215928292,-0.358071270648
-0.74908713527,1.81971467611,-0.890182721457,-0.562023628939
0.922097326087,1.72437571297,0.677604737646,-0.694424658855
-0.76796599411,1.60656090063,0.199887338921,0.165699221877
0.767344608858,1.03929102412,-0.0348128914098,0.0803620149687
0.436875608977,1.43540689281,0.157059799908,-0.104470634749
0.536245513562,1.4417224114,0.0629768514785,-0.0515037802774
0.475926645423,1.30703735086,0.505508259796,-0.443599249096
-0.790127417203,1.54657982857,0.43827723042,0.402527947679
0.306659256924,1.8274068558,-0.562530506767,0.159874586502
0.480338372595,1.25821752126,0.526353749044,-0.503284190836
-0.160751693203,1.52797029822,-0.373420502958,-0.0759135511447
-0.96974074885,1.48984720548,0.00496212814264,0.00592877610671
-0.963468117803,1.15435676189,-0.736680920895,-1.45750470197
-0.949381990951,1.0638662405,0.13440831599,0.308904845762
-0.0483256238509,1.33553138759,-0.750142609913,-0.0606793137179
0.999157320805,1.0707655034,0.749599627399,-2.17727145187
-0.260852844642,1.16961752254,-0.131774465073,-0.0734643943366
0.929042332198,1.19364976794,-0.306073752397,0.660048532482
-0.493062977684,1.72599525524,0.526811519452,0.249285740677
0.982854548268,1.33113196514,0.11596952167,-0.214014437589
0.351445546995,1.1388653576,-0.364666538622,0.307233237278
-0.714536033609,1.35652449158,0.342266919068,0.37211884731
-0.988360150856,1.08130127521,0.946579738184,2.18457706648
-0.843725530151,1.91498891351,-0.977990027118,-0.622509275539
0.239885934493,1.87426301044,-0.22159363003,0.0465122500438
-0.652613406958,1.74540972219,0.65475501096,0.395007306795
-0.686323615118,1.01756617846,0.428404361219,0.79716905465
0.770084517096,1.11334256757,0.921931089873,-1.86167023242
0.0551078653705,1.68774533341,0.119229922464,-0.00695834882484
0.132011923076,1.61814217446,0.172242441793,-0.0264005281653
-0.633858184965,1.34226932219,-0.57256685128,-0.568289151256
0.8039886969,1.86020565172,0.206212629192,-0.156302182372
-0.0500435424945,1.30998338646,-0.365507498878,-0.0318175014229
0.0302280881704,1.37227405783,-0.263965763196,0.0127500711294
0.230056300696,1.4738267909,0.399926165591,-0.130061947126
0.789285499333,1.14142658152,-0.991079717785,1.9555759248
-0.989608235519,1.65039399909,0.861587880401,0.854528702026
-0.229924991191,1.65945893948,-0.168823672271,-0.0413366525785
0.566983476384,1.5174078034,0.285031084066,-0.223217716116
0.23197995997,1.48807463143,0.445912049371,-0.143471277053
-0.031719654998,1.88589306686,-0.595939600716,-0.0158943378681
0.231366430219,1.54465046193,-0.882150177288,0.262705926246
0.656088594607,1.81651773313,-0.985879590918,0.629360704429
0.084190735684,1.18535300803,0.306235719797,-0.0555159567519
0.426509277427,1.36086116189,0.0936193444673,-0.0675643141597
-0.563472917783,1.05269665812,-0.829204958367,-1.19741027571
-0.365664751229,1.39582325248,0.831926462463,0.451888485438
0.279114225539,1.50343234616,-0.0502914594819,0.0191656629361
0.133883717392,1.4972526995,0.913115892252,-0.165820598866
-0.579933738815,1.00015855304,-0.0205653656136,-0.0338076832502
-0.281985116354,1.90022260223,-0.42759389838,-0.097430069043
-0.419102934612,1.63881940668,0.234224905273,0.105240403265
0.158297102409,1.08099851631,0.605639938457,-0.250085366714
0.362296056184,1.2976926529,-0.206806628967,0.138494346005
0.756603277815,1.4359831393,-0.0884448671067,0.105325088438
0.472501042079,1.21754548819,0.453753004879,-0.455401270773
0.835290347755,1.27523087438,-0.458793749971,0.771400404771
-0.600088829777,1.77713157535,-0.591994171696,-0.318350515301
0.0662677127256,1.04411414197,0.2590672082,-0.0475584041083
-0.798955297639,1.64129935562,-0.740170371326,-0.609843066574
-0.124067864295,1.4099416118,0.467497934893,0.0864575558559
0.35351070606,1.60983310239,-0.0989557179926,0.0419791582957
0.391473616792,1.29747729241,0.187088656605,-0.135836002051
0.831741997841,1.73191417397,0.737041462575,-0.668747615854
-0.0686822147088,1.34784094788,0.410916466789,0.046288079726
0.343423010176,1.4364616789,0.147893533599,-0.0764695499603
-0.836292642515,1.35162212586,0.240628244646,0.304954343664
-0.975854797342,1.003800381,0.876789370764,2.3209654046
-0.522556730568,1.31405059923,-0.401312274232,-0.346251521471
0.045770633819,1.33800156949,-0.132170588569,0.0101840873543
0.833086716189,1.43921051385,-0.11686586564,0.153825160009
-0.769527450697,1.57578295848,-0.60053070368,-0.518431213725
-0.88507724555,1.15419284822,-0.297662910418,-0.545053183895
-0.670411979964,1.52917691799,-0.971951709762,-0.783449582568
-0.485210903474,1.23426388942,0.30645822479,0.279273592147
-0.959393463823,1.54518453657,-0.775533596583,-0.853043937279
0.530173283066,1.49648315828,-0.482249158174,0.36168031498
-0.294863452875,1.67454667783,-0.0110008506715,-0.00337095817805
0.782585695107,1.92648668413,0.949128245002,-0.651383758804
-0.0252324830106,1.42880933122,0.322281237114,0.0119199177319
0.0226430026718,1.37269240815,-0.0717215718566,0.0025914515649
-0.0266737201147,1.51457539315,-0.829784652463,-0.0288689884262
-0.932072194793,1.40657669514,-0.732082583091,-0.946458456058
0.369238032867,1.78855355434,0.064306784208,-0.0231217089052
0.361880561066,1.1546588081,-0.692051200313,0.584689219409
-0.0904440296572,1.27001235048,-0.408958446058,-0.0681795568183
-0.798990702477,1.07645491321,0.886129526841,1.69740443443
-0.870115920389,1.74195399986,0.695801154759,0.550650419888
0.682141767742,1.3190589273,0.758241710123,-0.957103874425
-0.574577856799,1.3929225356,0.135251634415,0.113630702889
0.760204671097,1.90169389013,0.834952711783,-0.569862520324
-0.726165163316,1.59233197077,0.210097083621,0.168292584198
-0.759357360052,1.59753460387,-0.920988361381,-0.764072770498
-0.239784417266,1.79457163437,0.203880634222,0.0444739574263
0.182244328919,1.61302174697,-0.448446140491,0.0959826868602
0.562498995892,1.26832995332,0.420222146485,-0.467089854422
0.150178384083,1.4770277611,-0.244163644382,0.0511922241641
-0.684806347037,1.73064275834,0.67824156525,0.435403503023
-0.123520047714,1.29589848194,0.128968474243,0.028110512137
0.535371298,1.41922936879,-0.23436716864,0.197453279781
0.621553649964,1.17711357772,-0.984924023162,1.41330198672
0.277282030336,1.47257117026,0.947324094022,-0.373767286594
0.282700524504,1.75293242423,0.41460184315,-0.117761454592
-0.894778227767,1.07910105464,-0.0778659866692,-0.164756222372
-0.384155899822,1.26746606862,-0.305138044835,-0.210805160582
-0.905953276796,1.12204740679,0.0133815220208,0.0264878386651
-0.454761881347,1.15489190101,0.868198646491,0.849430002278
0.217416590512,1.0589451964,0.314167327075,-0.186798947075
0.313719195726,1.3678825482,0.476610935596,-0.247497990952
-0.427736596681,1.1652942688,0.791633999053,0.717399102354
0.898168592574,1.93550410289,-0.907630246598,0.717250896938
-0.438334110356,1.6254729631,0.547688174953,0.261137470467
0.227564192984,1.0559638844,-0.529888587846,0.331977608547
0.901518823289,1.04995642107,-0.0134567990874,0.036284937008
0.837135213986,1.68406724576,0.843663013979,-0.815334350158
0.372731323223,1.04759967798,-0.747639405608,0.791253282361
-0.122880253337,1.56373490157,-0.471937276115,-0.0702841304243
-0.986634057224,1.79833141805,-0.0494118419683,-0.041162740229
-0.453095465682,1.41219461852,0.164262989686,0.107106708364
-0.904955326524,1.85633393993,0.371548055713,0.268427673555
0.724809951176,1.99130869024,0.991720927157,-0.586320237485
0.477192549072,1.86538942441,-0.400434340636,0.172998445167
-0.692406704227,1.62326198315,-0.0412012223834,-0.0303766526696
-0.183407743416,1.39456110829,0.115669092567,0.0321357188175
0.961116953323,1.76030694559,0.294439703836,-0.303111415461
0.0922457299252,1.854937986,0.840140746191,-0.0682001858246
0.229411017415,1.74913184588,0.725560938872,-0.167048885179
0.969580939822,1.00762633056,0.628487593514,-1.99386207855
-0.697044442776,1.19642842686,-0.11800042624,-0.161149162683
0.606182226334,1.39586627165,0.852177384411,-0.846690524106
-0.0930144761395,1.41178450238,-0.423140061686,-0.0586946108639
0.874968551289,1.15651482414,0.55621567734,-1.19624502939
0.842719278718,1.05415646265,-0.0648475034741,0.161109357608
0.276392764064,1.80539451771,-0.809024824656,0.211659675009
-0.784337345406,1.54486960284,0.237445789571,0.217075845433
0.243200106271,1.34430015837,0.952210742703,-0.394019934395
-0.335026859782,1.88632607588,0.543802444554,0.148626719007
0.31144013694,1.94087043595,-0.591162388452,0.151338810105
0.543060907082,1.370571132,0.641108881058,-0.587960074411
0.387877121236,1.41796757468,0.121363389654,-0.0730720350434
-0.0854683549688,1.73489997192,-0.677104068122,-0.0571922354338
-0.312444480713,1.15112702789,-0.0810375734612,-0.055586894885
0.295123005542,1.5909119868,0.418320338816,-0.150782506014
0.976780675161,1.15102773708,-0.276362643555,0.677430209224
0.168256572015,1.94001604841,0.973382080225,-0.132780853615
0.275537736065,1.61615985522,0.794583997779,-0.258587739604
0.236258170417,1.7635093573,0.73456543021,-0.171461552962
0.125734781061,1.93254994862,0.793715307077,-0.0811848883059
0.502350477162,1.6028918976,0.866567590902,-0.535187436495
-0.0809206444782,1.12130783581,0.710810038168,0.136139524652
-0.109327107158,1.27052358993,-0.43564261923,-0.0875571781808
-0.349300335096,1.78437565929,0.0976737791141,0.0310609459115
-0.208889698287,1.8877417175,-0.380047580306,-0.0654655152979
0.659319988071,1.55499618684,-0.100035513115,0.0876061408637
0.620753991428,1.70470165421,0.251135497701,-0.171586923367
-0.390039814367,1.02918198054,-0.673362337347,-0.715941369606
-0.055152089819,1.49636689709,0.555426367306,0.0408173582085
0.476234102995,1.08484286321,-0.482939048018,0.615590181408
-0.0556870721007,1.04474540354,-0.504108815991,-0.0767303613583
-0.0161832637915,1.38869672039,0.186132868908,0.0046783569808
0.926651968069,1.46137081677,0.0554984473069,-0.0796214916914
-0.142635861568,1.01392120625,0.709528658384,0.291179421818
-0.956214386694,1.45244221686,0.328196239028,0.407335141575
-0.285971643944,1.69737207521,-0.73249381724,-0.212055119253
-0.62958201909,1.22404050248,0.182704477892,0.216678089677
0.234508260144,1.6191281782,-0.67265822938,0.184849074307
0.868204626297,1.29826944669,-0.321277141395,0.543672458528
-0.163055840143,1.13512936999,0.430807671108,0.16092592275
-0.734553528829,1.20665468253,0.0778995148102,0.109832145109
0.41363289249,1.29984525832,0.756685582852,-0.579714837995
-0.270676771189,1.58572878912,0.597212934554,0.187777937069
-0.0236744187147,1.50357861509,-0.717417956132,-0.0224850361021
0.57202195909,1.79254894997,-0.0419443468948,0.0237600189108
-0.741246968649,1.35774310222,-0.661523737104,-0.742915988359
0.986539315674,1.47000815321,-0.0715088395571,0.108658655473
0.835920815936,1.12269715812,0.383450104358,-0.832494121156
-0.316448349451,1.95368439529,0.601738263191,0.145075038403
-0.310758350884,1.91625800852,0.195692394423,0.048185840151
0.247832072593,1.2759933692,0.469038136398,-0.219628610055
-0.954667410758,1.56783629871,-0.236897141667,-0.25196054902
0.772029843727,1.53499511996,-0.199475321425,0.212483072466
-0.872575010309,1.89720299149,-0.402279763825,-0.269086678626
-0.118428594448,1.76262677981,-0.793191482132,-0.0896441744305
0.985748694679,1.89854313826,0.929958210954,-0.846409049812
-0.793604414371,1.79865496293,-0.364364836797,-0.24842744356
-0.958135271233,1.70948376949,-0.572115762417,-0.513529474058
0.0054853980705,1.89562651159,-0.51866042514,0.00237654072611
-0.60947092683,1.83848976763,-0.24190320362,-0.12333879668
0.469916095521,1.47005189684,-0.914440088386,0.625942981973
0.29764210136,1.00300602799,-0.755200901527,0.690865871904
-0.393719518356,1.47199711622,0.366956900313,0.192459054219
-0.511640020013,1.49571255615,0.422532683445,0.27579050569
0.58741249272,1.22679645856,-0.908216818398,1.12979570448
-0.842461162944,1.81085631093,0.918686138402,0.653044010122
-0.430686840564,1.30865600078,0.345121798398,0.249626874524
-0.472290757649,1.2967626591,0.76832439877,0.618176714606
0.618213005805,1.32181694646,0.130161743093,-0.147270088793
-0.322707258371,1.6883922107,0.239815204705,0.0788980758688
0.197573202392,1.50206310396,-0.376699209322,0.100956442372
0.0683219152541,1.78264620884,-0.897775297266,0.0583036822831
-0.176108878511,1.25925143588,0.332469905929,0.108854952384
-0.581743828084,1.89472645568,-0.804093466852,-0.369410547085
0.124457236112,1.03198807618,-0.975415835899,0.346274791329
0.880539735162,1.99065782942,-0.847144801541,0.619249258875
-0.515051885462,1.71428783799,-0.679180634217,-0.339608555165
-0.382250923677,1.0237443164,0.899841515171,0.948333944549
-0.369731973921,1.38158200653,-0.842326352958,-0.472028025033
0.888550805853,1.46573943958,0.846927026927,-1.15331650291
-0.904583428847,1.07615818898,-0.400355789112,-0.860309435279
0.0166930539675,1.10888494884,-0.509106812785,0.0207691421758
-0.0954649687329,1.05037867995,0.691306722358,0.177753412534
-0.501803019397,1.26626039355,0.82104625669,0.73402733977
-0.889585588465,1.53772963409,-0.0947472758846,-0.098198398533
0.4558134346,1.65219970206,-0.805506775728,0.422779163272
0.614913237992,1.77692561504,-0.173873298268,0.108240852036
-0.363110397654,1.39711311733,0.698680162762,0.376257432335
0.348663474322,1.01098960972,-0.188279187222,0.199640743951
-0.940590479019,1.76319587223,-0.12777742092,-0.106006883793
0.313990013015,1.56268967379,-0.107582421525,0.0428438024088
-0.866389772188,1.66136073058,-0.826789066907,-0.716499902932
-0.92734105446,1.79456856643,-0.142637928803,-0.11276158057
0.763781451157,1.96020886654,0.387570624623,-0.250231693664
-0.0637308737186,1.47565972802,-0.210587846689,-0.0183726992696
0.362029851819,1.9574106229,0.260926995429,-0.076742367318
0.152857254444,1.94063500953,-0.0156083758908,0.00193004336735
-0.800925653181,1.66150103544,-0.941360272379,-0.758590004061
-0.08446857937,1.00939065858,-0.945735345096,-0.23324615082
0.978966130164,1.52139316552,0.603948869995,-0.849473546353
-0.477758320133,1.81196347641,0.422723898792,0.176124210608
0.731010012358,1.86225379403,-0.208978898861,0.142572862112
-0.361092927258,1.70740175891,-0.963760021614,-0.345646470034
0.888760978949,1.16407145326,0.631302254668,-1.36334840906
0.844517031584,1.4582327399,-0.665816504271,0.86646150965
0.259107233998,1.09280915365,-0.557181964548,0.372314913376
-0.105966422775,1.11980339569,-0.58874612869,-0.147691731336
-0.450762988247,1.81545721443,-0.99152845766,-0.389273331968
0.518952784687,1.58344499387,-0.987880555581,0.646980612461
-0.451616804734,1.90106691419,0.225169088686,0.080764746267
-0.0613361393217,1.77991971914,-0.530570558553,-0.0306284028824
-0.934615121002,1.17394481115,-0.298949413171,-0.556228068698
-0.770828543438,1.0540350519,-0.453152644629,-0.875718131858
-0.516912785683,1.42839887277,0.814471138544,0.588609081558
-0.626691448815,1.26307760412,-0.123788452278,-0.137276758737
-0.422898536948,1.24744965647,-0.541534002668,-0.423592832341
0.726683352541,1.50094591621,0.845665678639,-0.882470089675
0.178895266766,1.33364201498,0.820852798321,-0.252200827611
0.795895315423,1.68375467606,-0.716682257801,0.655789829751
-0.856676299944,1.66184844461,0.920545152494,0.78904792714
-0.811602250812,1.78789070214,0.00547549112451,0.00385758571778
-0.300840254889,1.72796440936,-0.437019527892,-0.128237725866
0.180748875246,1.07420693898,-0.447153571907,0.213992862656
0.597426994635,1.86519369851,-0.615154260172,0.337050937717
-0.0306317947383,1.68215809022,-0.81023833778,-0.0262327959261
-0.653216688827,1.04159406726,-0.796328827325,-1.35018478062
-0.90976974692,1.13494732277,-0.410981441148,-0.798193086869
-0.152895824122,1.64351967991,0.695528087951,0.116330020417
0.872346247748,1.0908504931,-0.360425548721,0.868432561161
-0.462770115825,1.11711632931,0.09810169951,0.104308477941
-0.848279912075,1.29471705015,0.229565242383,0.321259481541
0.402339323763,1.07536225376,0.733848987028,-0.798078235872
0.646872450402,1.69946614299,0.860865870476,-0.618434215936
-0.805925289136,1.81868435177,0.518711178101,0.350885179217
0.911739374558,1.02517129492,0.166183474548,-0.475889533092
0.848649847288,1.93841939672,-0.344400347024,0.254995611288
0.577775920342,1.90701704738,-0.763974911405,0.386453469262
0.684933614992,1.02586184452,0.439259893662,-0.920720004449
-0.789327540208,1.07057637811,0.0881832975366,0.168863254344
-0.539518166057,1.48429301547,-0.132337843609,-0.0922468056864
-0.719277773231,1.69033579727,0.633321340009,0.446200974017
0.0537648667007,1.98132362928,-0.147964653098,0.00611235047935
-0.968128649678,1.5667649062,0.187015799889,0.201740187346
-0.356770078234,1.75176536877,-0.0865802611446,-0.0291576394937
-0.0954630730836,1.85796128449,-0.217502765758,-0.0178740053895
-0.56305797953,1.09988350592,0.29195728384,0.385931870778
0.864045354546,1.52679092925,-0.920305167384,1.12015101754
-0.338815474991,1.98701713909,-0.493164526569,-0.122801115642
-0.0210896087794,1.36720061111,-0.651488951724,-0.0220047987026
-0.428864587594,1.45645765882,-0.0090732779752,-0.00527682756228
-0.195316695469,1.79270208461,-0.119478331726,-0.0213664713511
-0.694067550617,1.08714210617,-0.531542104458,-0.875679353549
0.718652662058,1.80988631837,-0.886336380716,0.62852889693
-0.748419711063,1.69928125823,-0.888079810639,-0.642455892896
-0.908829433761,1.97902041209,0.84866771626,0.54158000465
-0.0542076606992,1.35716148329,0.944857195215,0.0829730764279
-0.922105088677,1.87820779546,0.008011298122,0.00575189485329
-0.256448411254,1.8759699532,0.0221804342457,0.00472761994121
0.353122811889,1.8745879999,0.761187069677,-0.23787018825
0.251703406089,1.16176775868,0.788736099717,-0.452662681713
-0.169656319612,1.89817994217,-0.739607620937,-0.10273339433
-0.863581994606,1.23632930004,0.643663828862,1.00425168175
0.585190667449,1.25673785585,0.207136827081,-0.244554152769
-0.643597275823,1.90458711731,-0.670967732388,-0.335542061418
0.666129039686,1.58732075754,0.438264134207,-0.372412602526
0.430701604735,1.5086137518,0.154483822049,-0.091652544943
0.105189805802,1.50895133415,0.849755020572,-0.119022950695
0.167992199525,1.83859844277,-0.146462117495,0.0222085236718
-0.678519301999,1.93179602816,-0.771111970603,-0.393883085963
-0.781479220519,1.76999460925,-0.378366203394,-0.262620599895
0.845395231529,1.69173247631,0.715290371617,-0.692405414462
0.574588413218,1.21406922003,0.527153983207,-0.654076264989
-0.811008663686,1.8310270151,-0.11669364019,-0.0783318198905
0.55684530926,1.42773339165,0.853842013562,-0.741006475428
-0.689251105317,1.55228174118,0.0544192335885,0.0436880609587
-0.66366951994,1.80553961151,-0.860838348832,-0.49303075828
0.524995480533,1.18347085544,-0.488486283158,0.579741823463
-0.619549976996,1.18243098312,-0.201462351818,-0.252193439257
-0.751632705359,1.1639404788,-0.05675908746,-0.0878671144456
0.958565228084,1.77776904116,-0.338438571171,0.340592238668
0.392405413789,1.58765273387,-0.285044781279,0.138561839245
0.988736398089,1.0191148097,-0.980663624365,3.10806378853
-0.668895233218,1.6327728483,-0.907629333074,-0.640349225847
-0.774595514488,1.0378646885,-0.609909020947,-1.2211776345
-0.0912097501117,1.14623607375,-0.133758343411,-0.0276052715944
-0.0619387341121,1.17164515645,-0.813815230427,-0.109480184731
-0.459232957409,1.75529384574,0.383297745181,0.163866837008
0.332117259874,1.67404188098,0.647109401345,-0.237972294535
-0.25146331601,1.08545614462,0.107951954589,0.067424227327
-0.819047495612,1.75353319771,-0.985297767824,-0.727747677908
0.135992719183,1.5874699404,0.488110931357,-0.0801107949263
0.375711622743,1.18086505754,0.85355508449,-0.716866470101
-0.738701117385,1.49177228011,-0.0435866875282,-0.0404191386988
-0.401400749897,1.63908196238,-0.697049217036,-0.300379096374
-0.225297827211,1.42494704197,0.0875370266744,0.0284968354446
-0.212955589982,1.42027394833,0.412684768045,0.12797733245
0.175035724272,1.81346642456,0.801974574291,-0.13033424243
-0.985189171086,1.14850364139,-0.847510812451,-1.72867694036
-0.600386879243,1.49303543927,0.097289161609,0.0741574793546
-0.215492217694,1.81071375976,-0.534233990191,-0.103115858188
-0.521694930769,1.05855871919,-0.110326580962,-0.146454397999
0.425638048493,1.06698725474,0.108386867302,-0.126972612951
0.285156856092,1.45336247019,-0.311738836901,0.129960779575
0.334541778138,1.21570148494,-0.197936018392,0.139065724665
-0.6930011512,1.3061110284,0.436750533451,0.497770148553
0.675252070507,1.29084452122,0.0462540791267,-0.0603048506221
-0.142293296995,1.3792514569,-0.965785727066,-0.213679772037
-0.117973100653,1.38905585645,0.866475940312,0.157082504353
-0.754002685927,1.7255984003,-0.469467228493,-0.331626959761
-0.627299243203,1.4544541841,0.239127327426,0.200171492836
0.44705194398,1.20908828903,0.716694666068,-0.688271789079
0.106119279505,1.67700365323,0.440469881468,-0.0503961172032
0.393785669155,1.43525095408,-0.452204744312,0.269965529859
-0.40690140704,1.49199194769,0.699794075233,0.368745143244
-0.0772125105977,1.05478745791,-0.752210619048,-0.155409676851
-0.684634136113,1.25211058236,0.46770339429,0.573462862457
-0.310611224515,1.25415838786,-0.273073156935,-0.156901908384
0.790960271868,1.31231336562,-0.00959484168041,0.0143556971421
-0.102667812297,1.41713311366,0.408427459772,0.0620030609988
-0.953012303623,1.7815316226,-0.338988128964,-0.278794117155
0.969706867407,1.64773217942,0.850156261704,-1.0087542768
0.108758730665,1.07925475761,-0.883633093098,0.250241087244
0.423729289527,1.27681085058,-0.750682176773,0.611246380105
-0.792366620446,1.80330840457,-0.773384251422,-0.523824789684
0.441123975674,1.8038920674,0.135429203535,-0.0576190794479
-0.577497599458,1.53380807337,0.963883279012,0.671074768402
0.814828543535,1.06529444095,0.193951877877,-0.454836059721
-0.0785122218956,1.78423472336,-0.153621504024,-0.0112774298605
-0.317145678083,1.15253428294,0.478063734027,0.331893374909
-0.666345198378,1.19732001717,-0.0757868335417,-0.0990782137399
-0.986374831411,1.52333922336,0.187355306633,0.217461096805
0.0552268847279,1.49983600694,0.843851641472,-0.0624964673987
-0.840681982869,1.96785609851,0.133376636462,0.0801289546894
0.888543463577,1.49351459955,0.281395168758,-0.369070909838
-0.650731910661,1.52714694589,0.954326518852,0.750031048601
0.206518998066,1.97436656276,0.814138590655,-0.132125591716
0.780248588762,1.44474148485,0.706043108637,-0.858787998489
0.382468155601,1.2868712772,0.522477775202,-0.37640077552
0.917541248219,1.56461265914,-0.950626094817,1.17689974764
0.503263131808,1.91937411269,0.101855689252,-0.0439549703705
0.576742045796,1.23075287155,0.107532872323,-0.130347083877
0.599872281822,1.60920881029,-0.254261518394,0.187975880736
0.00645325892917,1.66300750651,-0.498965002373,0.00349512219239
-0.628831515066,1.17569110711,0.151711451738,0.194805820458
-0.547913175462,1.78065803765,-0.947961621448,-0.465903699186
0.460215125159,1.88112344605,0.0873157997988,-0.0357109829812
-0.588195213966,1.66752972898,0.913570964741,0.547540084956
0.232677928926,1.33221606207,-0.377674749602,0.152079107319
-0.63510781692,1.88907107484,0.16381270953,0.0822389985367
-0.419172125817,1.61667168579,0.77760840588,0.359085376725
0.469805233939,1.89288579197,-0.813011464215,0.335571582497
0.357307228206,1.12501067622,0.169627213936,-0.148986517257
0.212883390103,1.23866853872,-0.431680206111,0.183594721588
0.681944676094,1.34762143597,-0.767988119659,0.928461274084
-0.274321912484,1.96569882788,-0.39604352473,-0.0820989391563
0.450420345921,1.88620454807,0.601613426461,-0.239273688
0.748719143482,1.78191229357,0.908810281131,-0.694926558443
-0.546445241906,1.28371596127,-0.673527095139,-0.63530019801
-0.0628059373502,1.85899690838,0.747061303587,0.0404763893973
0.0640423262598,1.93018248295,-0.316113475132,0.016406838001
0.379366063995,1.84084463818,0.88382253599,-0.308536707479
0.154939127288,1.9504706606,-0.617835691485,0.0766757625448
-0.829254647961,1.02833050087,-0.0518737339653,-0.112691894113
0.692944700469,1.93352984527,0.209865750442,-0.125385508775
-0.749798151898,1.90656722234,0.369679308504,0.212807146885
-0.562422275384,1.32078520966,0.485344192247,0.444432371771
-0.820444658067,1.42454057362,0.805989556362,0.903452254804
-0.335037926272,1.34953237763,-0.445046305357,-0.237652143064
0.930845846309,1.1611358338,0.425697557426,-0.97222623968
0.107780452501,1.5225385563,-0.103230588768,0.0145559084813
-0.716760203403,1.89745590048,0.600574186285,0.334699377813
-0.440770914243,1.5079520248,-0.289264531106,-0.161109723237
-0.30864855057,1.6033515485,-0.350422085849,-0.122438421571
-0.387938446056,1.77332337947,-0.5964717419,-0.212504779802
0.670917619973,1.30083771772,-0.53646914607,0.683990440754
-0.0805166184707,1.75385376227,-0.888862847247,-0.0692423802182
-0.361821199308,1.84459500836,-0.593944667381,-0.182861845682
-0.350026343607,1.34570232597,0.588655622561,0.329794813389
-0.874006705088,1.21388064404,-0.323867197475,-0.529982357931
0.734386755787,1.56259293783,-0.112665852826,0.109716644377
-0.598363206221,1.61547458795,0.843002200688,0.547111424269
0.94447495276,1.41695157167,0.731741275445,-1.14036952323
-0.845016329243,1.69444143613,0.274284529922,0.223308026197
-0.663090083537,1.27124689387,-0.556484058918,-0.642397183346
-0.141903362426,1.15503096448,-0.124604407385,-0.0392049245846
-0.67667371055,1.9506181881,-0.94777228005,-0.473613477021
-0.758750533693,1.01953784462,-0.937606978531,-1.90841383169
-0.86831521728,1.53172701647,-0.390746461032,-0.399179977469
0.85398069742,1.47332987724,0.981474097334,-1.26653164727
-0.19776063959,1.5319008899,-0.404303407914,-0.100231069352
-0.6432501461,1.84898053741,0.798580311262,0.423526703501
0.628280887404,1.92289562732,0.682101738016,-0.371016797241
0.0173442269309,1.16240946756,-0.925292858553,0.0356936564532
0.49438560392,1.29366749205,0.40983420192,-0.382093585143
0.0483921721557,1.73900078207,-0.230397724538,0.011114290632
0.202336643544,1.20593309104,0.480639134284,-0.204760408263
-0.947441897365,1.42490070129,-0.0308827370878,-0.0394918769901
-0.431038431072,1.22163692835,0.487220586983,0.404716609812
-0.309363019423,1.55057830383,-0.756327989733,-0.283191743359
0.733161889265,1.50812130664,0.817882639107,-0.853508791016
0.128753273772,1.78902376981,0.826073220613,-0.100993599273
0.724540642402,1.04521607317,0.415432316798,-0.891121040648
0.717566633441,1.89384399066,0.331741413424,-0.21450278765
-0.241759544051,1.46872524526,-0.73779337616,-0.242205465825
0.124255702644,1.85697643901,0.416155254185,-0.0455523034374
0.381790085597,1.67506200316,-0.632049630283,0.268250819237
0.91401805049,1.27868180995,-0.206843375812,0.381786704618
0.97902535798,1.10950323193,0.668292816196,-1.76754867717
-0.717623377843,1.2216451965,0.876691886533,1.17998407242
0.967773212406,1.99136135567,0.019763855834,-0.0160203332278
-0.225381064201,1.09871025506,0.957649704817,0.524565230647
0.129681179598,1.60546240038,-0.33074808823,0.0505782840016
0.721376620822,1.31784854917,0.901480708025,-1.21066838731
0.690294806733,1.83152553728,-0.148439058603,0.0984333275365
0.0864687386213,1.11705151259,-0.188260499337,0.0394788780785
0.830909701698,1.86984507531,-0.35407156202,0.275314212816
0.0540776288766,1.91166993418,-0.459237341678,0.0204977034256
0.0909583758715,1.51146557036,-0.126423514883,0.015239251695
0.270558654788,1.85892550532,-0.601721181764,0.145266712717
-0.0870698032492,1.13188899307,0.442248837628,0.0893887405628
-0.893080940797,1.52897066775,-0.956005156453,-1.0058269603
-0.367925211764,1.27644571062,0.514727022951,0.336326602416
-0.792545599025,1.16178483717,0.350766837722,0.57251746616
-0.691600373036,1.99741182024,-0.710648298084,-0.345663278822
0.570536339552,1.31511093224,0.910358831292,-0.955444376568
0.211899473431,1.45356588353,0.483372695508,-0.148581720676
0.794038416323,1.15173362741,0.411337593075,-0.802394455429
0.4342392629,1.97308504551,0.105463083988,-0.0368926359746
-0.72646474881,1.88679176486,-0.706992237181,-0.403502185493
-0.288671158649,1.62496964846,-0.00769890308625,-0.00245416472244
0.772036277262,1.95780422025,-0.473099196107,0.309789556923
0.173654032617,1.63772677697,-0.114389874957,0.0226109475486
0.800067836782,1.35261203329,-0.948888879574,1.35310751183
-0.659096409784,1.30030288823,0.941557339009,1.03301714312
0.25587665293,1.10203095907,0.854544641386,-0.554314587497
0.266862335561,1.87895840523,0.129580969471,-0.0301899618211
0.849491675638,1.24641100511,0.141507604339,-0.253683599084
-0.812234679121,1.66487179883,-0.0434928713206,-0.0353625688151
0.0102433696817,1.06188416684,0.863368076176,-0.0235532525462
-0.401852739138,1.87797700737,0.235291366809,0.0773219748405
0.297435537298,1.35759308797,0.324431273655,-0.161886654982
0.379680317058,1.28076901725,0.729421602551,-0.526486002642
-0.886425635496,1.70370122797,0.608105435229,0.511764626787
-0.343241719092,1.80414575414,-0.324206219324,-0.0991614228015
-0.778468811479,1.66325080407,0.769519462284,0.602711568106
-0.697951322918,1.85424074712,0.1991295383,0.113357228135
0.0152498222808,1.93150910221,-0.476148762967,0.00584787359161
-0.851862025659,1.95829673555,0.199475431824,0.122495085184
0.310374543521,1.43546503995,-0.716616982792,0.334196744247
0.834558258775,1.7102615409,-0.776471912848,0.725145579731
0.62032739513,1.90189752926,-0.53602960343,0.294014725886
-0.0942228100358,1.92065412892,-0.837969278344,-0.0636112879005
-0.386203920608,1.26036711357,-0.998795369833,-0.701396319711
-0.643842621394,1.09814850816,-0.555289152475,-0.835602192744
-0.84239822217,1.96844785215,0.0574605282157,0.0345648859496
0.102565273385,1.58536124857,-0.950205634936,0.117533068633
-0.53467848933,1.81951882763,0.150005706271,0.0689901920103
0.419471285069,1.46687527402,-0.585780828463,0.357587881343
0.221221942934,1.9523580541,-0.507433454372,0.0903493489014
0.48052113793,1.77796231892,0.923051294191,-0.442182253004
0.166987597225,1.44744182071,0.891052919748,-0.216680659194
-0.71452808208,1.51726212269,-0.966163349244,-0.839647183928
0.66754490692,1.43860468505,-0.138942395578,0.144064731628
-0.250212350197,1.23006845141,0.393413684313,0.190409247434
0.444862705813,1.45355563492,-0.657496351097,0.434650667538
-0.573068995878,1.63591057638,0.476092822338,0.289267481907
-0.470633661255,1.00057601567,-0.710088890958,-0.956409359008
-0.56804133459,1.48456835312,0.591610224174,0.432854527753
0.171838553465,1.36429937089,-0.964348397344,0.271759156701
0.981258796784,1.78426155239,0.743439116579,-0.762232156361
-0.879847081579,1.87153100423,-0.106067511273,-0.0734672845156
-0.0671663045388,1.2677858952,0.0891459409013,0.0111013349839
0.712960195662,1.08565668349,-0.407816434104,0.796872673348
0.626181182611,1.95330629966,0.369350033914,-0.19400018944
-0.549026743225,1.8586118863,0.284469759207,0.128576335987
-0.0834245512841,1.46224093689,0.0206284184754,0.00239461190686
0.661075732657,1.93848059693,-0.0488572199179,0.0276109564224
0.61798793603,1.63819894757,-0.0990146072612,0.0729073392256
-0.786396720217,1.38290423114,0.0856771040325,0.0979866988235
-0.222451766065,1.47443014091,-0.710150193088,-0.213257273033
-0.166697432389,1.46927469974,-0.157214622379,-0.0358226081628
0.0455765389864,1.75573334942,-0.247831316827,0.0110429613722
0.309337045464,1.51855469952,-0.944337029317,0.392162297514
0.503530554193,1.1349369516,0.0859315477843,-0.106119225126
0.995422293043,1.80909267417,-0.388199417884,0.393367537513
0.681981978416,1.80570237939,-0.228050623828,0.153571112728
-0.293446622784,1.7162901378,-0.0991795817803,-0.028795883797
0.371619086471,1.66985305982,-0.329539931592,0.136841408787
-0.621571122788,1.98817516609,0.7916025891,0.351577634035
0.772322263054,1.06403152852,0.913898249376,-2.02682494889
0.732588836923,1.409506499,-0.248595050844,0.296743648904
0.289958281675,1.34159760748,-0.637583670127,0.317342553099
-0.568354662402,1.40101215855,-0.68676007038,-0.564487761208
0.816491031233,1.55207070105,0.550234670897,-0.60924078605
0.0646489408228,1.72408366102,-0.131308752681,0.00862335877322
-0.624324635161,1.41633572618,0.0889347952804,0.0781573244503
-0.328807745621,1.89184530402,0.389044689076,0.103810515795
0.158468495172,1.65306418762,-0.359707202435,0.0635874194716
0.797784735415,1.23413540062,-0.66327066476,1.1326083481
-0.512547880831,1.90875244634,0.181024469599,0.0726751238272
0.158053182432,1.98061447158,0.260219580136,-0.0319582920752
-0.174991838998,1.2723509826,-0.0602280692777,-0.0191950860143
-0.88816587462,1.85887406723,0.928902944049,0.657856258563
-0.663902989219,1.07699639706,-0.692145602986,-1.11449636569
-0.0748984241323,1.33091848312,-0.974997320233,-0.122759120417
-0.0645164392589,1.342716387,-0.138844857619,-0.0148101668844
0.247012864681,1.52515005158,-0.952969093014,0.311284032515
-0.840436450038,1.12660925869,0.938906064322,1.72050079902
0.624382100539,1.9404227973,-0.228340543717,0.121160789285
-0.164047593687,1.32064390429,-0.950371161027,-0.263843388575
0.440825351323,1.22429925852,-0.0503110001005,0.0464360423077
-0.608595610998,1.37353093427,0.843889497916,0.769840700997
-0.0963492301977,1.20866927781,-0.74630404891,-0.146253399916
0.24194096196,1.05324520732,0.730940388805,-0.490106196228
0.804646704985,1.04898443407,-0.120290916229,0.286980783767
-0.477692018507,1.76939335883,-0.898061093072,-0.392338300976
0.566199483902,1.88666065454,0.0682870487477,-0.0345425817357
0.532977566967,1.44504885278,0.385996601386,-0.312201654454
-0.017158461404,1.7790425364,0.996170635388,0.0161739510532
0.9214171028,1.62213635432,0.718902115702,-0.831868169761
0.484028547957,1.04211647227,-0.14957799143,0.210171719359
-0.0148245989384,1.57426061041,-0.540314179645,-0.0096817522925
0.670138116356,1.47155666051,-0.658340173803,0.655098705109
-0.404218283967,1.06309450076,0.0600956832962,0.0619765344077
0.819981147298,1.71290179558,0.219804394243,-0.200748814905
0.310122189005,1.26656246208,0.428803022477,-0.256649491363
0.89331825617,1.21359105502,-0.365511538765,0.73033760511
-0.395116774245,1.91122825316,0.123145063972,0.0384422894954
-0.551419410426,1.4909374411,0.433626975382,0.305836888869
0.541616967935,1.89776117567,0.261331755411,-0.124653847951
0.841617843821,1.60841203053,-0.0833726254425,0.0888477184721
0.510530094817,1.07366689922,-0.623594249797,0.873099266745
0.650554335468,1.85262307644,0.720293349653,-0.438080815088
0.250035958377,1.71288241928,0.253678144715,-0.0665194515871
-0.344289679228,1.26505509244,-0.576954614029,-0.359970869667
0.600109388083,1.5134635401,-0.670498871492,0.56063860687
0.13956130708,1.86875981784,-0.252811445805,0.0307382970653
-0.107749261083,1.37431531461,0.474116131348,0.0802773550689
-0.00625371144188,1.82049960332,-0.445224708591,-0.00251875348056
0.110168098541,1.94238531774,0.369772099511,-0.0327530361429
0.986086956771,1.67416937278,-0.749319532943,0.877387359537
0.633307465826,1.59263186059,-0.40697668635,0.325453038285
0.190422107016,1.97540928546,0.524727764108,-0.0783083662267
0.678050763843,1.92922767793,-0.26700818695,0.156543248049
-0.572910934176,1.07202152861,-0.842096175708,-1.19115553432
0.785928998442,1.23349839314,0.714512003794,-1.20167040839
0.528685314124,1.16991584422,-0.112930833303,0.138169288897
-0.77811121202,1.88374112463,0.62331359415,0.380438471364
-0.900379152071,1.7428165719,-0.875352756152,-0.714142406376
-0.690923029882,1.04800332876,0.502083008136,0.886310553278
-0.575005417812,1.35787340113,-0.28358957968,-0.250890547639
-0.336854350658,1.02170968681,-0.782352434669,-0.732693662627
-0.361847054084,1.33999274796,-0.869161379801,-0.507112882247
-0.676391768503,1.10128628033,-0.443626307049,-0.695203421427
-0.781216582385,1.78027030654,-0.126093032891,-0.0864856655189
0.170035683966,1.92787137254,0.343427718699,-0.0479500011826
-0.586887333944,1.22140242513,0.123309770607,0.137463574908
-0.600943105707,1.93266839057,0.330631513629,0.150535755349
0.279107801252,1.10617667886,0.396664506901,-0.279229596628
-0.365429019255,1.42867521775,-0.816795685404,-0.423236795282
-0.42013338689,1.38458644254,-0.584574517119,-0.368837357138
0.128758606056,1.38188254312,-0.134107554637,0.0274812656996
-0.321023622637,1.77791920061,-0.567825298871,-0.167620129513
0.66872100643,1.57319577688,0.61436933713,-0.533689962025
-0.00808024607952,1.52708555402,0.37177081301,0.00386138954632
0.762704654971,1.13729506471,0.881137813802,-1.68744782034
-0.190111111765,1.07585102632,-0.857466311637,-0.414631818242
-0.159248917351,1.38280580591,0.752580960831,0.185083191774
0.0942885754131,1.97521213053,-0.687500447418,0.0503199445548
-0.838058869018,1.95338807509,-0.875710733195,-0.532387541597
-0.138134906547,1.64059680238,-0.742655478917,-0.112784727559
0.71012706468,1.55195306634,0.201201315133,-0.191567218879
-0.144435379301,1.58579683078,0.385263150747,0.0654378982128
0.467629425418,1.3088597089,0.00576479701892,-0.00495244876159
0.200334110009,1.74670700467,-0.952383188213,0.191441674092
-0.741346350214,1.39183552183,0.890875254339,0.952192489224
0.117753458005,1.76053452211,-0.833703826116,0.0961528017655
0.605625950357,1.61743292854,0.70058377012,-0.517923233704
0.99121235657,1.68770588077,-0.529913086563,0.614090996169
-0.571304035652,1.09343801813,-0.137002370433,-0.185780327712
0.54659125233,1.25774802122,-0.574275540371,0.629692512061
-0.106576469344,1.31780977826,0.787199245605,0.143402834282
0.207451299773,1.4506106808,-0.482607280166,0.145758470423
-0.165151198538,1.83230865545,0.218977432501,0.0317900517476
-0.422594490044,1.72268613675,-0.37335281437,-0.153029921613
-0.317867790407,1.84720314535,-0.322418713491,-0.0873310618975
-0.439075477298,1.52286819786,0.13630549773,0.0741629740528
-0.832833994795,1.27443962842,0.185127684923,0.262887808688
0.697916352213,1.60628501278,-0.895027887255,0.780792694029
-0.495049339803,1.07505640912,-0.362464934853,-0.443801483268
0.670089167247,1.70263855678,-0.944221077053,0.701786680796
0.322296023309,1.79133924802,-0.809301558307,0.251975642874
-0.525479246275,1.98145351072,-0.551174892418,-0.210259968594
0.905834484483,1.62102607197,-0.36058651848,0.410049924262
-0.753319474073,1.06292920397,-0.671682136276,-1.24943313687
-0.160073326385,1.570109118,0.908962627166,0.174272851825
0.904666186809,1.33734554393,0.442411875371,-0.738125953529
-0.460886783032,1.26729216434,0.197454935297,0.162503044074
-0.400473958489,1.71461293919,-0.506745764118,-0.19911333107
-0.817471499388,1.09377044828,-0.75605403463,-1.43274393901
-0.40406887976,1.9776001974,0.816316193889,0.243195121121
0.937507210633,1.48102125845,0.860509504194,-1.21753452186
0.331430047762,1.70232469986,0.209149086713,-0.0742201899962
-0.993691747971,1.23227660207,0.555408958535,0.991804005995
-0.946907037779,1.29463929524,0.717135079025,1.11030057939
-0.117064693389,1.71045034488,0.823114071319,0.0976633784857
0.849855479859,1.31059088231,-0.260559501879,0.422679330701
-0.665029428463,1.68704507419,-0.960483691949,-0.631301299778
-0.103526792852,1.51934265245,0.637879749849,0.084943152088
0.101585221931,1.63249861319,0.299306439843,-0.0345777364087
-0.769874426722,1.77818752085,-0.347928318729,-0.235974552479
-0.342675783389,1.08354111623,-0.30347649206,-0.256924796914
-0.916547242781,1.91689093362,0.41331886801,0.283322611434
0.215871608386,1.08851376192,-0.404833241448,0.226153314191
-0.314403732717,1.89682887985,0.297488205318,0.075609830851
-0.103299627269,1.06986969155,-0.533063855695,-0.142848026112
-0.890416403236,1.71546130435,0.352076318631,0.293457276946
-0.400689213144,1.53878616889,-0.134345742467,-0.0655743729223
-0.723323998674,1.85809891448,-0.859217352129,-0.50360505531
-0.271099369803,1.56145152943,0.976256331565,0.317058704343
-0.0351359969767,1.01123954794,-0.791570527911,-0.0813077227644
0.345072222175,1.55325701474,0.375089389708,-0.166697987943
0.841734447108,1.21218708903,-0.520766024993,0.977206749549
-0.371232596704,1.29737312871,0.426523282002,0.272113400022
0.944196845335,1.52248724371,0.674020698165,-0.9095419496
-0.272264635099,1.55870906506,0.894139338504,0.29263169945
0.487856801701,1.36535874719,0.667759657182,-0.551139912503
-0.36138673087,1.17843321486,0.798291515585,0.601488235245
-0.0258584961629,1.4201377108,0.182386959052,0.00699738566049
-0.523937140935,1.58200905029,0.137497220687,0.0820537034484
-0.995870021806,1.62840536701,0.47103402341,0.482638034981
0.951962933746,1.67646376557,-0.455949311085,0.512053269939
0.975651671621,1.9272335092,0.181597087509,-0.158577073946
-0.974462196643,1.33581980454,0.336863519867,0.502876371483
-0.426851265569,1.28290419326,-0.28444320071,-0.212251983364
-0.826486457907,1.62534913578,-0.931312275897,-0.807367861965
-0.0932935682257,1.30141295074,-0.898263734563,-0.147066471098
-0.358252771561,1.18844163024,-0.49627730076,-0.364580140021
-0.0272754648403,1.382752336,-0.821707240615,-0.0350702435425
-0.55374908437,1.4478135841,-0.6047103947,-0.454098064781
-0.248547310861,1.63836461605,-0.83821659609,-0.227197290939
-0.357997714395,1.49925309659,0.122230250123,0.0563838191296
0.252088531014,1.39370612683,0.798521398662,-0.318938469857
0.928030154309,1.66464365239,-0.519140307759,0.574941869391
-0.8357456958,1.8977774542,-0.989471034091,-0.635695473022
-0.424003391962,1.93996260617,-0.866137288295,-0.280838121887
0.427492445987,1.22291334739,-0.0183318462184,0.0164224828539
-0.907610109282,1.43468219325,0.751397948733,0.911275223726
-0.989627247512,1.46497076119,0.658885312641,0.829395834671
-0.459671882738,1.48352683242,0.361790640152,0.21672931024
0.135873685226,1.64823530742,0.137330046924,-0.0208893596294
-0.902538514184,1.0034946552,0.0956439671383,0.235877666681
-0.536500456762,1.31534236323,0.70593507954,0.623278446174
-0.551129866513,1.03125532429,-0.0603762061281,-0.0889630461563
-0.15484278382,1.89872423702,0.158924116711,0.0201653163378
0.329292692846,1.83696774432,-0.809065316107,0.244920778906
-0.180687578461,1.84993685558,0.12817802817,0.0199421610373
0.424145344747,1.46685774019,0.0223206038116,-0.0137844156123
-0.948223619418,1.20619124487,0.316658687444,0.56551929597
0.825046234318,1.12636239779,-0.173521304912,0.368970949968
0.205350619606,1.25711782313,0.797921284911,-0.317567800341
-0.649216835915,1.91049996496,-0.121778822127,-0.0610198392721
-0.338390360447,1.93070301236,-0.0923995731978,-0.0243402664541
-0.827937017452,1.23315119924,0.779036331479,1.17516239909
0.800957824986,1.05041492438,-0.868263347203,2.05550242859
-0.0975215662219,1.71260077893,0.857955773664,0.0847539132676
0.950400490653,1.45242739769,-0.0246361523286,0.0367944709026
-0.881082058493,1.27687275556,-0.942064085269,-1.40362383095
0.134929928264,1.30770279365,-0.46755808475,0.112188111566
-0.450694235661,1.01747118186,0.193071572393,0.241286050941
-0.811724987988,1.6486434745,-0.923388621956,-0.76518456819
0.752198542766,1.05598162996,0.167505769907,-0.366549211964
-0.126440441213,1.69588742215,0.476020730264,0.0619986556457
-0.314544503245,1.4620470679,0.737975170004,0.315843789947
-0.790633856416,1.24196660861,0.146663764874,0.209003084687
-0.486039015464,1.60037034471,0.826431090816,0.448690190416
0.118216861623,1.25019064004,-0.739822742244,0.169879335235
-0.751613358993,1.33201721459,-0.26225408392,-0.309987864176
-0.0749509920332,1.32636752408,0.891277183626,0.113068264814
0.0294625046072,1.86871654876,-0.399655552933,0.0101454504823
0.960347291301,1.80477764989,0.639857145849,-0.626085204811
0.83243254103,1.69037166648,-0.924913622764,0.881765203057
-0.351592948105,1.19483567254,0.605213235838,0.431962734097
-0.762700793511,1.44155787367,0.120287502787,0.123058191941
-0.433606154167,1.02191134935,-0.599891167564,-0.716190038305
-0.167736547834,1.8430746902,0.0208890805473,0.00304339361021
-0.509218314608,1.00662767463,-0.338078263436,-0.484991774203
-0.152286473294,1.92663411543,0.378184120842,0.0458483295768
-0.70530959681,1.63118245504,-0.182547789309,-0.135604253143
0.790070792401,1.34947110313,0.736440321237,-1.04073785125
0.64926925309,1.97920528082,0.304193805872,-0.161759287099
0.514521920778,1.72708230541,-0.458864216903,0.250336418599
-0.493762314798,1.39306891633,-0.80402699694,-0.584835059374
0.32177068403,1.06251150019,0.691032249898,-0.610524164075
0.0835037213253,1.24516646789,-0.343368492299,0.0559466954766
0.856752597985,1.6083923747,0.785537720839,-0.853609513936
-0.153045475432,1.99944285057,-0.665375601886,-0.0752652137775
0.350795346217,1.54804780584,-0.221327533933,0.100728013482
0.512193935427,1.02720761818,0.843490645717,-1.29465393335
0.0764838937708,1.3135797843,0.942669079971,-0.126319970452
0.691661636158,1.21234860657,-0.321944002035,0.488279041927
-0.897444593832,1.50340148463,-0.70089925695,-0.766143075736
-0.388042884311,1.93208229615,-0.124771094648,-0.0374567410077
-0.774803660157,1.58399874169,0.279606552806,0.240403747852
-0.632129809922,1.57680389296,-0.130614653187,-0.0937009060154
0.645661679587,1.67009492323,0.688614979399,-0.511219424521
0.306142280908,1.94633429998,0.759446781672,-0.189937361512
0.226248616254,1.97152321595,-0.863417922085,0.154263495121
-0.480807233002,1.86405790053,0.0386291657542,0.0153000921544
-0.728653460724,1.27431820676,-0.788396847612,-0.989204701581
0.911868267211,1.43319446179,-0.915155599891,1.34110704153
-0.62669336469,1.74168807072,-0.574233624283,-0.334908420221
-0.922379449746,1.87833112391,-0.297549895676,-0.213662893664
-0.777855336688,1.91334186799,0.829104497299,0.490356415149
-0.62312982262,1.71612900831,-0.365906182829,-0.218633740907
-0.512405710825,1.25154249646,0.38107354805,0.355754747668
0.193531650359,1.97848649408,-0.159870100876,0.0241803004558
0.385468995434,1.79416594095,0.972748064002,-0.363460953344
0.551381686882,1.87108540552,-0.219223534155,0.109623897627
-0.104772524699,1.52694772235,0.533701453897,0.0712019965267
-0.844711223665,1.37765987456,0.241120759079,0.296867127866
-0.398907031968,1.47196901815,0.21063843332,0.111878215097
0.791312129151,1.10918960654,-0.612004034693,1.28237200029
0.570390627181,1.1899676422,-0.760446631557,0.974537082283
0.349812070898,1.85364088395,-0.88497906625,0.280092882942
-0.188976536477,1.7953397724,0.891490942501,0.153894184578
0.601620593329,1.37707519873,0.220871606325,-0.223674024237
0.420028026335,1.48437264352,-0.0752225039515,0.0449052571687
-0.93213507423,1.69655051546,-0.977661083866,-0.868860097908
-0.887300146797,1.31989499776,0.184094281814,0.258364681518
-0.729346417355,1.08273272177,-0.796432382923,-1.38544161099
0.0254725803857,1.64943295233,-0.143076937294,0.00402904547707
0.96994338148,1.35377457596,-0.00662837002264,0.0116544344177
0.63027446576,1.92071103005,0.415700214019,-0.227394672488
0.889464604335,1.13998954836,-0.150685245535,0.3396057353
0.449139589712,1.83962631007,0.334493087805,-0.139440206814
-0.364946262013,1.83587308369,-0.312849782784,-0.0980468551639
0.250935286146,1.71035650509,0.874373618473,-0.23080424653
-0.150016225899,1.94511328163,-0.543160354444,-0.0636547794772
0.348049010505,1.95316661835,-0.694237609679,0.196868440648
0.905142657014,1.67447253426,0.553490611738,-0.589381633361
-0.357529442769,1.57512773748,-0.0821663161364,-0.0342956586302
0.923723543612,1.91711611553,-0.428887185741,0.356288485187
0.858148109199,1.38851895953,0.741941788325,-1.08371610601
0.517445358433,1.58941710064,-0.397082230052,0.25731498945
0.227899391707,1.97418183911,0.973709745942,-0.174796085765
0.338614928336,1.33590403614,-0.209761997984,0.123584569894
-0.784001600691,1.03310137859,0.729629459171,1.49099002804
-0.835195834474,1.42602662573,0.705129592499,0.801837718559
-0.262945501517,1.48959893612,-0.731546670188,-0.253406825395
-0.169866534972,1.42945609212,-0.37716115791,-0.0924909307327
0.0871010946304,1.07553823745,-0.357112797698,0.0813762915857
0.669398031755,1.47157925167,0.490112877776,-0.487107508861
-0.390640621139,1.89243003184,0.82278446429,0.259121084239
0.719780431236,1.15597828401,-0.422327678286,0.735382400672
0.713519561252,1.47835887115,-0.588073550938,0.620223038123
0.227072823508,1.84557010669,0.779604222373,-0.159541929672
-0.207353733469,1.42913737998,-0.943043636838,-0.281386838804
-0.728372105668,1.37913151171,-0.456758484345,-0.489120642015
-0.263829135377,1.58046558149,-0.379336940365,-0.117108831422
0.744612668985,1.88716418886,0.128131069512,-0.0868344694765
-0.712154171506,1.76917222633,0.813022432408,0.518060840134
-0.999132794266,1.85481986614,-0.447674338208,-0.354604911029
-0.19564925488,1.02341745322,0.411299387639,0.226066906257
0.624987673974,1.69510766749,-0.987351589144,0.687223674702
0.683342999147,1.67236178757,-0.844608724328,0.664500005812
0.503615997626,1.02234685452,0.100066816114,-0.152319693023
-0.260962717516,1.48906283004,0.295268999776,0.101602271704
0.442795723992,1.71525099381,0.682199149995,-0.322292069387
0.821418021504,1.19029603064,-0.191308318312,0.362521504584
-0.478901047386,1.87112431498,0.383519744286,0.150187484938
0.0109988061575,1.45032125193,-0.398856874325,0.00626373531638
-0.00299702388318,1.4672082888,0.20753012738,0.000866520672226
-0.413358681365,1.14099528383,-0.636233466525,-0.581977642952
0.725618517674,1.11754659979,0.567879011812,-1.06725744047
0.484612043919,1.05210066041,-0.765144237302,1.05613074011
0.0313789093651,1.9254813845,0.946570901837,-0.0241100722709
0.654324342403,1.91333255137,-0.1747750294,0.10027717507
-0.195403235996,1.53535993413,-0.772692943659,-0.188466922425
-0.0568621319172,1.10492612032,0.866301069639,0.120360578562
-0.340416660282,1.0625968296,0.325660794625,0.284854096412
-0.305306376383,1.57361096806,-0.507921961526,-0.182304951685
0.351055703909,1.702885735,0.309283741953,-0.116413558701
0.600928666692,1.54194158567,-0.904026073005,0.729296861396
-0.0819600277783,1.53831878444,0.279870343125,0.0288431424025
-0.189576722313,1.24985031622,0.672000764503,0.240106479238
-0.700872104421,1.45295035408,-0.416323086452,-0.387498299033
-0.0856830054387,1.23662925197,-0.217046843948,-0.036173045666
0.0435471911955,1.10773296741,-0.122566203307,0.013106216403
0.423124695878,1.53509883126,-0.979667919308,0.551025884618
0.489036532353,1.71781128345,0.303994327148,-0.158910510068
-0.76964438668,1.26819198541,-0.316435535152,-0.421818125471
0.580486324436,1.29319419961,0.887223441943,-0.980822180656
-0.505627264507,1.18522342367,0.913822715892,0.93927172382
-0.932937832127,1.65022755688,-0.246445703071,-0.231670460095
0.966391899366,1.19957213844,0.720409979951,-1.60672025968
-0.960728157639,1.16240031192,-0.516858974189,-1.0058726347
-0.0421497535392,1.5564886116,0.327040304343,0.0169980453738
-0.582097646351,1.50499753216,0.595427099787,0.433812792551
-0.563416634839,1.25372760142,0.821171783524,0.835938166934
0.186028157168,1.550783754,0.674344248168,-0.159453590576
0.648661034031,1.16163797791,-0.25454378979,0.392542032438
0.659558382944,1.22300651462,0.79454154347,-1.12529440088
-0.0778362376591,1.43448112655,0.00338722749086,0.000381408600158
-0.990424773279,1.93859926633,0.589148076932,0.423815316443
-0.0305743042186,1.48596204945,-0.0101433016072,-0.000420064461984
-0.82362307014,1.25803986248,0.662177784088,0.955130908476
-0.380141650907,1.20702451662,0.534770055015,0.403272241151
0.0185179773157,1.50899111456,-0.136386430086,0.00333363134055
-0.0448285273223,1.88104566143,0.0946857273907,0.00358277094157
0.462534513079,1.11164100261,-0.513041869767,0.604026669926
-0.816953576808,1.56501546175,-0.468723629157,-0.43360397002
-0.681246190652,1.25524929532,-0.444257108492,-0.539483081501
-0.442022157299,1.64669200112,0.0335353723097,0.0157057639006
0.498077955723,1.19054430718,0.534653455566,-0.593182548034
-0.730840970761,1.16448667126,0.743885031702,1.12084912696
-0.339921625852,1.09157410933,0.483466852384,0.400168642346
0.953776775679,1.47491713677,0.387473867924,-0.56338836344
0.540659234383,1.61367951249,-0.442246380102,0.291214989513
0.513373471425,1.04195239642,0.682359912549,-1.02037691158
0.0232942228286,1.74444554667,0.322606694759,-0.00742575910704
-0.926675688803,1.79849005019,-0.380272514961,-0.299116127131
0.692049408906,1.81019800297,-0.83959166233,0.571505272927
-0.572221572247,1.05308487884,0.949572260829,1.39033831202
0.835051092925,1.16043290965,-0.252280571289,0.51209199552
0.0903413301134,1.80251892329,-0.0865593273275,0.00728623621458
-0.414326116087,1.8897523456,-0.813478965582,-0.27187478576
0.230707897297,1.56109601523,0.217946403723,-0.0633594060445
-0.483068490114,1.14181278194,-0.591135747837,-0.626814398455
0.55424785664,1.32650865001,-0.595298274975,0.595529367716
0.99708298571,1.05580613895,0.669047522934,-1.99415042138
0.0267102269917,1.11815013411,-0.327412785095,0.0210404870904
-0.873030710285,1.16240175931,-0.364466196295,-0.649747920431
0.861975791388,1.38909965836,0.414910823833,-0.608487939518
0.037571329755,1.93249940325,-0.950947450343,0.0288091455292
0.484330618494,1.22577263079,-0.197260320564,0.200467387184
0.138767534375,1.05554106815,0.005079908851,-0.00192479099932
0.726466487125,1.95372757216,0.518290923945,-0.319107628233
0.95543359045,1.21912575122,0.407325073832,-0.868516640648
-0.953108536184,1.26378426062,-0.148095464556,-0.242059480303
0.80869442443,1.73639253078,0.911017813928,-0.797552994121
-0.731298390027,1.71168396227,-0.351983498702,-0.245605869824
-0.679340458598,1.29447222158,0.291230704927,0.331677486541
0.203413141793,1.19014148978,0.901508781876,-0.396458962162
0.385465463874,1.55147487709,-0.218890818051,0.109374608983
-0.821118069965,1.1760409464,0.127165848955,0.209305354032
0.837749028847,1.80002532515,-0.527063519925,0.446209416764
0.107568685976,1.57450648614,0.931260175795,-0.122542348108
0.748030882753,1.35636431126,0.887847713849,-1.17055650061
0.342747107059,1.61040972745,-0.25882858733,0.106262717921
-0.933273439619,1.42349719819,-0.0518946720823,-0.0655827298116
-0.375961501278,1.91880571689,-0.270690247364,-0.0799184182412
-0.633863009048,1.27770295999,-0.611179539119,-0.66947537365
0.799520967701,1.06169786514,0.93597054195,-2.16471618709
-0.0101311019332,1.05085963409,0.54131537641,0.0148832959521
-0.25638120921,1.04149153833,0.0479562780215,0.0331548654318
-0.974972372571,1.3052097782,-0.619171844432,-0.968636188852
0.226317007416,1.63763428687,0.633671057555,-0.164138410856
0.79833764784,1.15889625855,-0.262399712597,0.50852909442
0.262181747866,1.52241791219,-0.639184559127,0.222751455043
-0.443644912461,1.22756423691,0.409192811644,0.3460542632
0.577911615935,1.46467733823,-0.0398231713234,0.0341576058333
0.563365908876,1.37344774266,0.942778775913,-0.895117853332
-0.782575968876,1.61380874347,-0.679173665509,-0.567808573168
-0.497049906495,1.34148205865,-0.754690830303,-0.595735286671
0.4505932205,1.76542775197,-0.747873146742,0.339670284858
0.576342272423,1.52176676831,-0.206326001697,0.163470727627
-0.683136439436,1.46689671677,0.235384312544,0.209849710243
0.158056287814,1.64997603504,0.557905889446,-0.0987319759451
-0.83365234152,1.60194539057,-0.661254738682,-0.594846235325
-0.651374232162,1.78550020893,0.630232801955,0.36268314899
0.333807187835,1.99769953258,-0.121577554685,0.0315612759976
-0.391983885208,1.15390968709,0.519401144632,0.44141823214
0.552514473265,1.19424448033,-0.253000182152,0.311231128089
-0.125818952208,1.24526877921,-0.810881968778,-0.194925476508
0.377516760498,1.62863538978,0.531717124809,-0.235940905283
-0.639492029929,1.14140114053,0.62803490439,0.869245946674
-0.962169208708,1.65075031513,0.488804610861,0.472333473095
-0.114550446293,1.45243770651,0.377597710419,0.0608143091728
-0.0689981294103,1.31751838223,0.784379897279,0.092893515657
0.306524473553,1.10971866422,-0.640686897277,0.493545223511
0.671303116299,1.54094428802,0.939515083995,-0.854178859449
0.600843452568,1.36170482182,0.353094359857,-0.365189712207
-0.312204021737,1.14999247852,-0.508551265955,-0.349263330664
0.934902414498,1.23084120405,-0.698558951925,1.42663890138
-0.433897726392,1.73181897524,0.331194751356,0.137765512363
0.286563829757,1.87174339828,-0.65467027766,0.165386379787
0.942201418077,1.39908381151,0.453894140462,-0.723618168424
0.714212205152,1.53903310422,-0.495512433641,0.482712339907
0.685539290004,1.79475388984,0.156762292798,-0.107455262704
-0.860713672586,1.29428940993,-0.019267726489,-0.0273457141423
-0.490489247844,1.67069587043,0.783818016834,0.39389044602
0.838269321829,1.29683991512,0.114279065425,-0.186518213997
0.00982572074598,1.19768187672,-0.1799086045,0.00370068045372
0.351342815324,1.0122535302,0.116746453435,-0.124465948114
-0.237326997575,1.46401811672,0.89181109382,0.289375522569
-0.0320429326698,1.61159096974,0.00300197364278,0.000110754493223
-0.206495150967,1.42666005498,-0.401787018434,-0.119814499098
-0.493064860621,1.77041674233,0.513701062056,0.231037458091
0.0230806860628,1.1011477112,0.0940165562767,-0.0053812935959
-0.33692321708,1.75851154554,0.830341397033,0.262559142652
