0.656384974265,1.00836511876,0.787783548936,-1.63281216745
0.027774882843,1.42042451719,0.617696300014,-0.0255811519182
0.510939338303,1.85754222671,0.806197408871,-0.377425622987
0.908954915144,1.06488230236,0.496145405709,-1.31236772401
-0.833029471262,1.64693917326,0.805774505279,0.685314781888
-0.272484673097,1.83215361204,0.922910317604,0.218788034362
-0.952916919294,1.9150255061,0.753969625612,0.536600686797
-0.141602584368,1.13002065872,0.517324491525,0.16969776385
0.966455389472,1.76381890976,0.553423921694,-0.57094570765
-0.454602335942,1.19614285192,0.181451174092,0.165439452309
0.185120584092,1.08820479104,0.122771035316,-0.0586631864621
0.388042516411,1.57644735065,0.202895968115,-0.0988788031167
0.354138465354,1.90714236678,0.640073419614,-0.193828170621
-0.318220611397,1.49141299556,-0.895928255299,-0.372668030871
0.972149484626,1.00685714709,0.566566038759,-1.80544710651
-0.452847289073,1.43625430018,-0.189702799975,-0.119522447677
0.370304171726,1.99268327112,0.894023605474,-0.25974053233
-0.0797028327974,1.55686023631,-0.339918153137,-0.0332676703206
-0.85772033916,1.52913125751,0.0863620777066,0.0875309943589
-0.693190477525,1.35940386019,-0.913928245599,-0.961793066452
0.709132538887,1.8127078791,0.593627364073,-0.413666803941
0.401781929861,1.83897940672,0.164012224467,-0.0609036792229
0.397967497655,1.76605807258,-0.256670968624,0.102322814288
0.877239334071,1.99880501918,0.620010421684,-0.44768361201
0.247682663873,1.47012004293,-0.774864081737,0.273167465264
-0.573602945244,1.46781142242,0.299875458966,0.226521813039
-0.439342192827,1.51447197521,0.701882813768,0.386360892243
-0.704173021098,1.16365818465,0.157313407823,0.229278007264
-0.194331012938,1.03744759462,0.256793774411,0.136444738237
0.626543816181,1.28738946634,0.474433927943,-0.574022327578
0.941618905663,1.94779896565,0.961266033746,-0.790134766554
-0.968715665408,1.58669553086,0.234462103411,0.246744373782
-0.290903492272,1.00792545165,-0.85626003847,-0.714768716596
-0.593780545205,1.39206997847,-0.0914961260269,-0.0793920137871
-0.674905099204,1.98244188523,-0.594100771728,-0.286720752628
0.0733158618315,1.78791500597,0.169632810589,-0.0117579366162
-0.35563655381,1.9658356946,0.250546468716,0.066795114881
-0.555239671933,1.12372051622,-0.715865304058,-0.894640054789
0.944267116269,1.78821793664,-0.276373192785,0.270363175737
-0.0575077887712,1.77748819865,-0.584897661374,-0.0317558673372
-0.100679418237,1.45651468944,-0.207884169905,-0.0293023901387
0.654000962975,1.9589128485,0.524997881415,-0.287211107646
-0.752473186389,1.20694592212,-0.964641261842,-1.39025391446
-0.29968081817,1.63593433487,-0.97579207946,-0.318259948238
0.946868689855,1.83189142968,0.941837429526,-0.880620264584
0.277299576676,1.44340803546,0.135445089511,-0.0556248155692
0.201901327213,1.55763872031,0.518941223697,-0.132221878329
0.198965042385,1.46608505707,0.712414767217,-0.201855540265
-0.117628937371,1.92048330187,-0.0707239439615,-0.00668808957813
-0.943382428421,1.64372784914,-0.721969421808,-0.691061086057
-0.00873103071404,1.87498742829,-0.448458995164,-0.00333836463857
-0.853314444058,1.10802404493,0.282229831841,0.542216230026
-0.814095436878,1.33737340011,0.867178851451,1.09498884037
0.125274531563,1.71328202761,0.396438834052,-0.0514017001235
0.0644326734293,1.7923595752,-0.0463707561571,0.00280820386539
0.140072881763,1.04237771534,-0.337985394294,0.132571237515
-0.426828223343,1.75534384511,-0.0532033335273,-0.0212049184939
-0.805306202847,1.21734193062,0.819823749495,1.23691698486
0.233397580307,1.79691084978,0.719952118864,-0.159854419422
0.702178480918,1.19482623499,0.862362502706,-1.36857288044
-0.320687344606,1.07184113854,0.3991509109,0.323870010782
-0.479542307093,1.44659696887,0.580631289071,0.380900200832
0.731641257806,1.74291297529,0.659471371014,-0.51411603286
0.55471262142,1.07847167259,-0.0387803259379,0.0587446196708
-0.909957577542,1.2988019696,0.139194418907,0.206469204222
0.888680503161,1.22046128075,-0.519847706542,1.02120692587
0.69380418211,1.86955729968,-0.807280155595,0.516574183325
-0.450275223808,1.94109901644,0.343492200655,0.117840093497
-0.950483051561,1.95935264569,-0.950761972734,-0.644880050766
0.538069096918,1.4335800256,0.355626430798,-0.295209059289
-0.205849444259,1.4322564643,-0.260572407715,-0.0768614618191
0.446527833883,1.45785955516,-0.237741605433,0.156849219979
0.78752235229,1.88468763513,0.489414251677,-0.353350366447
0.267101206318,1.31662653933,0.681846277239,-0.323829314496
0.468155528965,1.20871136267,-0.270502490818,0.272810149156
0.644739177713,1.75974220222,0.0625408644233,-0.0417556449876
-0.739632329893,1.38902652834,0.888805638231,0.951773147685
0.855378606807,1.6148620851,-0.874714073597,0.941259012717
-0.0604599579127,1.55108991545,0.51936952461,0.0389200843256
-0.495178995162,1.41329408052,0.743358542206,0.526777086038
0.262077616725,1.36927429152,-0.936471875944,0.403272592808
0.741123380171,1.11791333689,0.156454559102,-0.300625226023
-0.0090320313254,1.83344383068,0.287855317155,0.0023182146596
-0.435001295735,1.81550506312,-0.0793422714121,-0.0301043322472
0.890153918008,1.3565345509,0.440012916338,-0.700937070082
0.928142760249,1.96741356648,0.355904806897,-0.282216472356
0.0469772804922,1.20130762342,0.414816787733,-0.0407007103579
-0.36862133661,1.15249600413,0.809686905877,0.650158087694
-0.373362605344,1.89603747214,-0.345738004888,-0.1038450508
-0.409698943717,1.19366124464,0.0709893643932,0.0588273154362
-0.693012078436,1.12613010212,-0.639969846394,-0.981170264299
0.00976293721136,1.33071168751,0.130488444766,-0.00216037960909
0.0760722657813,1.84481403763,0.819370604368,-0.0553654970678
-0.871965353374,1.82361048297,0.427387716418,0.309221939505
0.968180396378,1.75475546578,-0.703597245773,0.734840709752
0.428737608832,1.40353558073,0.172381651888,-0.11759471349
-0.493118034793,1.24862279118,0.988290455225,0.893695699502
0.441917104924,1.62678178851,-0.430418803731,0.225592109864
0.00175343938403,1.70433387481,-0.898755746906,0.00162787291666
-0.315053663193,1.59769561627,0.835196211235,0.299802137563
0.0914021339455,1.59248433974,-0.446392930218,0.0487115954303
-0.988259734938,1.82550875126,-0.976771715352,-0.79084008835
0.97893048402,1.65585640172,-0.403320303306,0.47887241451
0.899594555004,1.26250221826,0.265092566377,-0.493219888942
-0.12142262863,1.27467869969,0.781419265482,0.173086016384
0.542606046471,1.86118650772,-0.780447551471,0.387791543982
0.173237024969,1.29773797924,-0.0434680726109,0.0136504775517
-0.810197168804,1.29814145244,-0.730315319563,-0.974416737822
0.877054060858,1.335738421,-0.576371936792,0.931692303637
-0.513092027521,1.34979114008,-0.445731200962,-0.358200299391
-0.0185209045058,1.51459464571,0.671301780599,0.0162294874062
0.261512498623,1.84227573922,-0.0664716820794,0.015777914439
0.767841233715,1.61650382635,-0.0307303307591,0.0293429099916
-0.144366484748,1.85959765681,0.824095999501,0.10174252962
-0.639907951949,1.8679716465,-0.585605882381,-0.302806896238
-0.575424242258,1.81408981806,0.664965139835,0.329832098273
0.864536162923,1.83481170404,0.431978613383,-0.364294872609
0.0182290615672,1.03677179144,-0.597598833656,0.0304594013495
0.941076619844,1.5444347271,-0.761080891329,0.994400545108
-0.246349916871,1.11227058828,-0.255556364709,-0.148994516989
0.359713978955,1.96382641197,-0.338648392137,0.0982950109591
0.242344602794,1.89821501391,0.140747780758,-0.0291044822558
0.0491382090289,1.418146016,-0.556554773017,0.0409964165306
-0.0204726141894,1.14175993259,0.77230558814,0.0363116456699
-0.956554303041,1.07292712008,0.0249504359764,0.0567668220129
-0.805366745248,1.23332181975,0.269486962604,0.396150643064
-0.078578916112,1.14781007074,0.0156530004651,0.00277898066037
-0.805196814374,1.97432709652,-0.657944809202,-0.377347844711
-0.382761670982,1.05001981082,-0.0593489805793,-0.0595326327335
-0.535471725675,1.61604103964,0.982751520272,0.573776511743
-0.305333074244,1.36448372721,-0.432464195263,-0.20646503202
0.204931390307,1.81828592287,-0.608288702622,0.115480234351
0.851114851083,1.58019209548,-0.804762484353,0.899475213666
0.816232320242,1.10395869656,0.779327395016,-1.70501595013
0.85581060533,1.63408971371,-0.281290342326,0.29577178023
0.620798735534,1.13667757234,0.987807788562,-1.51811295739
0.132831925118,1.6729549803,0.307389875492,-0.0443559868894
0.682165510787,1.65034168642,-0.944917043078,0.761977177912
-0.444992305364,1.94653802454,-0.908555007894,-0.306472191999
0.182838720744,1.57533100588,-0.933347905482,0.210137430886
0.368075970903,1.3518322355,0.331704666587,-0.20809021426
-0.696570172809,1.83398851066,-0.451577129989,-0.262289135637
-0.959904606196,1.33661056077,-0.10093494058,-0.14844798656
0.203453659811,1.76873167645,-0.457942263567,0.0912012063944
0.808860842062,1.02665212063,-0.918852743005,2.3015744268
0.398666781752,1.10351298156,-0.157448486352,0.161058392279
-0.957032466858,1.92878172945,-0.972119390725,-0.684712752489
0.544832137009,1.6968650728,0.116486123547,-0.0699349549894
0.977168552384,1.27208912894,0.604973366273,-1.21464415613
0.409078320652,1.67733668924,0.007445037176,-0.00338605300371
-0.467183169428,1.45929793478,-0.433604393955,-0.272636726135
-0.230560983217,1.46082880751,-0.226732810728,-0.071832890834
0.319359314625,1.52384965476,-0.762089335385,0.324801767351
-0.39582837306,1.54702041229,-0.721246135207,-0.344239328459
-0.764487669399,1.64689823861,0.488457098476,0.383699532712
-0.252388083396,1.04450831108,-0.0406575202681,-0.0275221368784
-0.114571067625,1.43633679414,-0.790675373749,-0.130237000546
-0.595744731003,1.12294656315,0.000229556521724,0.000307058718338
-0.68330674732,1.88593315876,0.123808721971,0.0667928405287
0.235215616207,1.2614975523,-0.948945543112,0.430916589835
0.592208291801,1.11384866958,-0.45080660926,0.686192455632
-0.489079939232,1.98943807604,-0.305914208282,-0.108119120948
0.47169450459,1.66256357446,0.834207967019,-0.448212752763
-0.794956623729,1.60305768985,0.822938292913,0.707477696779
-0.67822956429,1.47363071334,0.993510856388,0.871754115955
-0.288118299673,1.7508409917,-0.584398499588,-0.16016655284
0.998756181147,1.24227913621,0.0529163619244,-0.114137880735
-0.344126507187,1.41448052376,-0.924790361064,-0.46131216636
0.204449471167,1.17311418607,0.695638225841,-0.316505501005
0.0235773739071,1.03452601687,-0.809788062591,0.0536451400311
0.976516961691,1.35884180259,0.504761942144,-0.887514883298
0.917984925328,1.55845402287,-0.0236853327397,0.0295710051777
0.0877085009347,1.19956467903,0.305446205849,-0.0563477103632
0.197570297565,1.21102038639,-0.65787575853,0.271237759097
-0.490928113408,1.63731552088,0.68613433477,0.359310279027
-0.600318285951,1.78881172227,0.244268916844,0.129694889567
-0.135258437785,1.05700014851,-0.552841799404,-0.198107797568
0.360848275445,1.1827612215,-0.994287444821,0.798224169515
0.722986911198,1.87868430181,-0.81269679946,0.538349677118
-0.84039830435,1.80803410688,0.717046074044,0.510146612695
0.0607716111993,1.15099037441,0.947659225918,-0.131213387252
0.862729921812,1.54195638346,0.0486273429855,-0.0579316656345
-0.265587263033,1.64271405169,0.157684292471,0.0453533309032
-0.0921189747901,1.19179863071,0.84671116922,0.163236589865
0.659092213127,1.54724574756,-0.730012193408,0.645490521424
-0.247926481381,1.76580903608,0.0616514698711,0.0143504042746
-0.670223243858,1.53643952366,0.212554228461,0.169670383824
0.00965707859875,1.99374426602,0.00826977002086,-6.03310875988e-05
0.835642525673,1.62145199736,-0.754304849745,0.784835202335
-0.820895140113,1.14209787544,0.803151525465,1.40131764972
-0.479420363067,1.11252028117,-0.634504993363,-0.703589970354
0.668823584147,1.7615474663,0.39641487468,-0.274699377494
0.319045728628,1.721759137,-0.377146266096,0.125782736912
-0.618896299684,1.53940574788,0.760968532023,0.561461848947
0.625705727574,1.05032296579,-0.168230864829,0.305360428865
0.218547630941,1.07851264533,0.327250064447,-0.188578975129
0.13703014567,1.39449021249,0.422919756292,-0.0906476815427
-0.6531691993,1.65142542448,-0.595443556134,-0.401597308713
-0.59948016141,1.12264217605,0.255749625356,0.344305374629
-0.0239656368799,1.82516316463,0.333971728537,0.0071907960978
0.209746987446,1.46568290073,-0.0564575965507,0.0168913909788
0.574355693006,1.55358135102,-0.922487096511,0.698688249389
0.857864553061,1.03561438449,0.56028498594,-1.47063589899
-0.204862125401,1.75356078174,-0.82180602879,-0.160954625675
-0.55665425518,1.31070992035,-0.834630461448,-0.768531279334
0.996739358968,1.53170470614,0.921536608555,-1.30456444716
-0.976197160538,1.53628803567,-0.775975077645,-0.877221710692
-0.921093476009,1.31592624125,0.178888760208,0.26138387739
0.57707885724,1.99283040241,0.722369328911,-0.334186943993
-0.763214169817,1.12862029624,-0.902320707544,-1.50692247307
0.89618697058,1.63471361632,0.307311848869,-0.339619404205
-0.628469332238,1.90365702889,0.373595895284,0.18287709045
0.598156976468,1.84193389385,-0.205296181876,0.115493149491
0.0800799909739,1.61882397887,0.92606039102,-0.0855809595812
-0.36674509634,1.72825036218,0.232550313388,0.082631714982
-0.704108531153,1.98830584539,0.340297758242,0.169864672757
-0.113951009951,1.21791916044,0.957507765571,0.218184536225
0.713982407445,1.12358866578,0.120901396044,-0.220900083459
0.988045400936,1.66812229443,0.634859483838,-0.750414122606
-0.304757052698,1.16920828981,0.459163543484,0.298003173763
0.886202643438,1.27535939235,0.797865064753,-1.43093269787
0.120572335759,1.47600782307,0.829753013329,-0.139446835405
0.8548424815,1.48209801815,-0.407730838573,0.520518138658
0.822727210748,1.58008444788,0.912760596007,-0.983240505092
-0.037719829442,1.57766913655,-0.534597468201,-0.0242131305601
-0.774169198652,1.34543486568,-0.611516532578,-0.72820926271
0.0647429684078,1.6838831494,-0.691350638249,0.0476660562701
-0.0543955487034,1.94870155225,-0.935119214966,-0.0399673145763
-0.295676359107,1.14307273868,0.490401566422,0.32336058983
-0.919534281822,1.82394428078,0.784441760633,0.595693190235
0.546580897853,1.41123886272,-0.973040611145,0.847455111934
-0.676947643876,1.69187066533,-0.112458729126,-0.0747288111362
0.59578218873,1.77229429804,0.402538017366,-0.243568607796
0.423775641482,1.00372888225,-0.750768193369,0.989318100992
-0.0683322980513,1.12812124393,0.995489117724,0.159262930334
0.184974847194,1.55894411112,-0.541196387825,0.125903067885
-0.150070788287,1.85460651211,0.690043130566,0.0889858643845
-0.351687505934,1.58382785027,-0.544419474367,-0.221199806389
0.98769159767,1.43798890056,-0.885931592458,1.40862596778
0.0665390031002,1.57960127627,0.357872512994,-0.0288224135181
-0.787314320751,1.37473586257,-0.314834255911,-0.364753550636
0.284526965929,1.28254469758,0.337967608528,-0.18051396117
0.785185129279,1.69234489712,-0.71920920457,0.641924853355
0.50410423354,1.9311552944,0.725702639229,-0.309905985975
-0.539842131296,1.97344971706,-0.209417743064,-0.082625722244
0.514674892649,1.66168252386,-0.459410102688,0.270836038725
0.154337508576,1.28004175026,0.435240484436,-0.124919089745
0.425958071916,1.53676243206,-0.877530065245,0.495953907988
0.978479888238,1.69938840005,0.8904402323,-1.00325864802
0.0664223871459,1.38022498836,-0.862900438258,0.090863814104
-0.283074619849,1.66802663007,0.237194969234,0.0704042236842
0.777609992681,1.34913319661,-0.478394126937,0.664837925139
0.5424534159,1.72764013461,0.500883728335,-0.288759026058
0.469468437336,1.80393675336,-0.763233953213,0.346597637934
0.651068196446,1.62969698635,0.584733653908,-0.459970637804
0.0261036673288,1.71883699078,0.269187917639,-0.00715392051968
-0.506580084065,1.35790116721,-0.312413245679,-0.245076182503
0.243430976629,1.40292590016,0.551779109282,-0.209843616571
0.957998061727,1.16454971989,0.315540421896,-0.7395375338
-0.0494093024007,1.85523405206,-0.816737070276,-0.0350005038178
-0.131303059891,1.60554460577,0.516811643007,0.0779503972167
0.286002487527,1.26122896151,-0.58490631351,0.324781674579
-0.626070464692,1.97120735331,-0.683297781226,-0.310825877724
-0.919572548875,1.0909954023,-0.850151060754,-1.80447917829
-0.179836635436,1.21378839186,-0.290305984668,-0.104430809455
-0.19275875164,1.94181990676,0.434586738328,0.0653886221321
0.339120699093,1.92889298777,-0.368290123867,0.104239591717
-0.336609263931,1.12946580771,0.597427789968,0.45751829322
-0.312087261478,1.36927294342,-0.977255919155,-0.473237306622
0.677480895602,1.18288913071,0.209052963581,-0.325726634378
0.216350953591,1.48042683741,0.406432280965,-0.123025035375
-0.429334384456,1.81146266282,-0.816255879374,-0.307204719143
0.309361025175,1.90442191863,-0.346450814212,0.0914849557909
-0.630554867905,1.77776796107,0.557735687628,0.314026637135
0.872154683503,1.49138290667,0.187675819246,-0.241866933392
0.319300352269,1.20007715787,0.452103813557,-0.310623091538
-0.460596297707,1.35798077322,0.281882744788,0.201914033828
-0.325478286455,1.19345720296,-0.551265794021,-0.365999458945
-0.707303704892,1.20244411062,0.577547499036,0.791598522165
-0.309528121058,1.4795101605,0.0223647459602,0.00920260208769
-0.52779301298,1.92779920969,-0.827154173508,-0.334742167
-0.2156399159,1.29361645396,0.54945235817,0.207923612482
0.737095844298,1.01745791477,0.0680568341742,-0.156941168214
0.0758938699002,1.40187449144,0.539683736823,-0.0630024759664
-0.803870127109,1.99140965004,0.70205101995,0.395162068227
-0.16043867852,1.37306670364,0.756186049819,0.190004226421
0.254494542428,1.08593672333,0.25561649296,-0.169814664411
0.080938780266,1.95675907771,0.735362403151,-0.0470147408748
-0.120730484819,1.89826367805,0.299316653981,0.0297265251291
0.0980411339756,1.43151455433,-0.406855300056,0.0589735001869
0.886570787889,1.45573505211,0.253688254138,-0.349372347926
-0.391136088941,1.0618609973,-0.689562350004,-0.690596405387
0.499780841833,1.61415181703,-0.25134523203,0.152247134521
0.841618831369,1.97191560564,-0.501421476789,0.355503816907
-0.992994423307,1.80517840302,-0.822839837024,-0.684269382495
0.619170526892,1.24501836354,0.0197063068246,-0.025173523934
0.933715183569,1.67514096781,-0.62940344592,0.692999169061
0.717930597047,1.28904708116,0.754284266336,-1.05331045567
0.483189052078,1.50886996426,-0.919741555241,0.615331403915
0.531344558659,1.32254793911,0.462133568907,-0.444788806411
0.488147808253,1.81833905336,0.636701896766,-0.296478985778
-0.141520010557,1.90000939866,-0.994763874419,-0.115357161654
0.982364527704,1.36536299023,-0.690332854884,1.21021781399
-0.226158365812,1.48800134104,0.812150744435,0.243361234349
-0.896367034283,1.22507661621,-0.92796029242,-1.52590782337
0.87428959053,1.856431811,0.338045515966,-0.281920758736
-0.747566512348,1.12629504993,0.0817854458867,0.134534177181
-0.47070604969,1.54908953876,0.557550218635,0.313347342276
0.62947892403,1.11078763215,0.0762236161447,-0.124499092003
0.618476648275,1.85163713296,-0.961355342981,0.554553408088
0.756568141698,1.54447898291,0.18160784643,-0.186941904628
-0.127325976026,1.21881430979,0.861940643033,0.218849596352
0.203527457336,1.49174986655,-0.849909613561,0.238042916445
-0.392496704032,1.38194125244,-0.201220306292,-0.119379571794
-0.755928595692,1.79550717302,-0.957354474263,-0.626112826871
0.372646268007,1.90800218013,0.278205305614,-0.0887398676559
-0.836422664391,1.26482866617,-0.727949520324,-1.05365631753
-0.29986042374,1.62372654864,-0.165570875385,-0.0548488122331
-0.178322937892,1.44229415944,0.959418206363,0.242411101594
-0.830230310449,1.71301238369,0.049817670667,0.0390431239416
-0.0748689072414,1.39997528882,-0.750970976766,-0.085421217721
0.301603978548,1.10882558939,0.40409884705,-0.306633456239
-0.655019447574,1.11211772848,0.0849865036145,0.126727140945
0.0505857346932,1.85659526102,-0.0290631778162,0.00128605761865
0.739084611998,1.09515809535,0.371293236383,-0.741182063775
0.462047925302,1.34179335441,-0.269786590492,0.217772095337
-0.979686425275,1.43910090877,-0.914621798283,-1.18216326825
0.666923855809,1.70088085742,0.635338219434,-0.470792887153
0.884065400975,1.52246018423,-0.739833605387,0.928638350954
-0.917025335003,1.53907657291,0.353720807736,0.376303643794
-0.229390092735,1.80244017048,-0.667367279193,-0.138194056463
-0.546895769731,1.20578716506,0.688514505376,0.73666993456
0.266917603288,1.66179333499,0.874415452257,-0.260502484329
0.092902317698,1.48931018638,0.104858112756,-0.0132994314563
-0.318798158754,1.36299034232,-0.707039195486,-0.352749067635
0.803609218422,1.50447527535,0.888866912693,-1.0294739882
0.963277063586,1.38416347363,0.255341880057,-0.426195431118
-0.337285755963,1.22277664058,-0.805059419418,-0.527043428128
0.269415097777,1.51693065073,-0.6835580569,0.246744903513
0.618851281002,1.19274096392,-0.581518124747,0.808951553421
-0.925778037179,1.26861477768,0.244676325162,0.386463223419
0.868188529572,1.35797487264,-0.925041345877,1.4307245789
-0.607219043273,1.8629805759,-0.539065159752,-0.266740960645
0.60952025102,1.8954659673,-0.486801691099,0.263840650842
-0.314002156542,1.63466360967,-0.264530463837,-0.0904160586861
0.0698089715318,1.88325682228,-0.887203565233,0.0527568760054
0.103523004384,1.59252506709,0.016416112341,-0.00203130559127
0.435652099402,1.37719204206,-0.307881052114,0.221819465169
0.291232579279,1.62734304515,-0.683103266486,0.232126782384
0.0261111060154,1.97211501223,-0.801502304231,0.0161853574041
-0.870459942627,1.73086798658,-0.963576027361,-0.772645395432
-0.639177683147,1.07576946788,0.643184757372,1.00168717024
-0.315665475295,1.58043628887,0.926837946309,0.340644130289
0.770779419937,1.64091606037,-0.575472410766,0.535473663396
-0.147642616889,1.27285766655,-0.512215876991,-0.13799430893
-0.255126705121,1.27184259663,0.528955118327,0.244055295665
0.186332998269,1.0886533643,0.0377654776063,-0.0181507866905
-0.127433276068,1.596726323,0.293121295534,0.043400138343
0.96971261397,1.30222757449,-0.690646169518,1.31203240289
0.295796566666,1.99786102135,0.953485494905,-0.218442950703
-0.829265554765,1.70073254242,-0.331744590108,-0.263480017422
-0.00172778978428,1.72094283814,-0.0960929236711,-0.000168149524187
-0.13217222286,1.48872061111,0.934909730943,0.165082928083
-0.997757770527,1.50608053177,0.0637097368679,0.0764454507062
-0.429981263133,1.56347080609,0.796942290214,0.403213049057
-0.38578268326,1.88700400435,-0.603475777197,-0.188859550788
-0.877482146182,1.90079403582,-0.449496628333,-0.301083864446
0.158519696078,1.34866515598,0.344498297036,-0.0915214438526
-0.645637772309,1.54127725367,-0.268028820152,-0.205285585992
0.418420168596,1.9940213249,0.0967548297391,-0.0318793750032
0.0578613426439,1.7271664056,0.00938647726583,-0.000549369082427
0.307815662184,1.85275122232,0.937106822418,-0.260102894815
-0.31943402369,1.22212459585,-0.511429268376,-0.317980990108
-0.0875102309155,1.76637874235,-0.28703811266,-0.0239424176915
0.761537420502,1.30035559339,0.871070817313,-1.27391955237
-0.678121691733,1.30140374131,-0.374930136298,-0.421755032567
-0.204755342738,1.08787011365,-0.208091320799,-0.105840961266
-0.134954116053,1.69895196015,0.499463847081,0.0691237774116
0.948619271741,1.85739239166,-0.435399065161,0.39680627633
0.593245927648,1.46261338914,-0.534047745672,0.472320969176
0.434083655422,1.06221007698,-0.848915539048,1.02426364602
-0.801662147227,1.47730424392,0.731340070208,0.746107698594
0.749694335975,1.11959994695,-0.695250009234,1.3485425858
0.740794895356,1.5847566391,-0.379240362082,0.362439000571
0.449901386691,1.92605157146,0.32029547588,-0.122024127703
0.868117713472,1.67644499609,-0.784057634794,0.795625947794
-0.35822933114,1.04462428483,0.77373574145,0.735646711596
0.711967833244,1.95187020937,-0.659069692186,0.397820708009
-0.304174982879,1.67703915971,-0.944905366622,-0.297531827636
-0.946836360243,1.01691631024,0.725344721255,1.82004273208
-0.655521565951,1.63412442248,0.238411578237,0.164774737213
0.019138431094,1.60916841844,-0.746253283596,0.0165784074641
-0.844527926065,1.27015148457,0.536969506868,0.777612443888
0.233789738635,1.81223152323,-0.129310784001,0.0282766537355
-0.514644363755,1.47172867465,0.4790010855,0.324724369204
-0.300694519537,1.93337779916,0.188828358812,0.0442398884801
0.712585317581,1.01636650293,0.851000167701,-1.89623538415
-0.183264144216,1.43384996494,0.686505383274,0.18028030156
-0.274454032557,1.06794458617,0.302338283398,0.212435857206
0.180540266389,1.03152115215,-0.0950413058523,0.0492678781888
-0.528174640042,1.75417963879,-0.183079266248,-0.0895440536752
-0.0744446969889,1.14443123858,-0.079341704131,-0.0134293817832
-0.25128879614,1.75898142648,-0.00649322755606,-0.00154331304706
-0.68995301317,1.04182344402,-0.955781946381,-1.70504381961
0.908560517697,1.43184255107,-0.867300671831,1.26829890231
0.469605546495,1.8135722994,0.815818158366,-0.366663108929
-0.0038890640151,1.62420448622,-0.53105373185,-0.00234776450885
-0.350478935797,1.24935138675,-0.844611702738,-0.549680864469
-0.433684627583,1.53445028076,-0.265517146519,-0.140619162749
-0.59307618121,1.07498163878,0.00488622373958,0.00710200376711
-0.20158509914,1.08101200189,0.12476868964,0.0632931349624
-0.566171573264,1.99360568415,0.611865985027,0.247473921624
-0.691684397899,1.72878160744,-0.973333793833,-0.632069215819
0.493566232239,1.93529129273,0.813860121261,-0.338459065392
0.08142195687,1.54644322871,-0.110234100678,0.011351712319
-0.964963902103,1.26019509617,-0.834178028378,-1.386782306
-0.226631429312,1.07090930651,0.918546471725,0.532481515387
-0.363140070354,1.93898614744,-0.706352474105,-0.197504100995
0.594366571237,1.34927395802,-0.723534252485,0.753436057784
-0.243968124219,1.50049964508,0.268583980974,0.085230382206
0.938900275799,1.50901925499,-0.850999862392,1.16171537797
-0.323464059053,1.09685999424,0.687351816632,0.537029976126
0.884546946805,1.4697998543,0.691874800326,-0.932341459058
0.564468137243,1.51884196355,0.827409464814,-0.643709043595
0.124700919414,1.93938212155,0.353521911792,-0.0356065761268
0.996762136147,1.36536322902,-0.213657670747,0.380659039085
0.199460519593,1.33843632723,-0.495458563308,0.168865187337
-0.756745475425,1.54578811051,0.63285465861,0.55897740274
0.225991853708,1.48884992238,0.288509304876,-0.0902816154888
-0.912586999161,1.96061835441,-0.915557450117,-0.597540417327
-0.442018580952,1.50286254106,-0.34377062984,-0.193289191436
0.00262003761541,1.47099263288,-0.957004584752,0.00347724751874
-0.711267979063,1.37848749001,-0.0374271707303,-0.0392369252639
-0.930614297294,1.96659647729,-0.482415890477,-0.318593929353
-0.516259001543,1.51671573827,0.540408872522,0.345972597655
-0.947428505626,1.10261380086,0.305633685041,0.652694501659
0.74733612388,1.83913479995,0.0252806209174,-0.0181105256762
0.856749512262,1.84705254314,-0.560785736369,0.462075520657
0.414042013602,1.59330055586,-0.820518103172,0.41881564602
-0.849959006721,1.80994927695,0.766963859689,0.550216017837
0.694375350772,1.30621498271,-0.513222155605,0.673358108221
-0.276046152855,1.60980671993,0.517692455469,0.160990878945
0.781387879679,1.18454264392,0.891618910315,-1.61584706511
-0.669487507286,1.39148953568,-0.576615015802,-0.560591142273
-0.104476227423,1.93454899399,0.0698755026324,0.0057914913113
0.923839121669,1.64360402492,-0.510578323862,0.577142956383
-0.221652608052,1.08727312517,0.147919197539,0.0813992153916
0.612331287063,1.77073195473,0.316762319373,-0.197686865261
-0.42693978279,1.48746227427,-0.910928926153,-0.505735672105
-0.19833630175,1.63340134129,0.347211753746,0.0759281361436
0.116966468711,1.73454376349,-0.513029296558,0.0605430097382
0.00510955788454,1.58993693822,0.301368613742,-0.00182837284366
0.611885971252,1.30366054795,0.830736205142,-0.955757000103
0.528816821824,1.42052576687,-0.738344183576,0.612890523985
-0.805953004425,1.51229547437,-0.84146208265,-0.823245081599
-0.398490537908,1.66904677807,0.584608309533,0.241266449939
0.912158358817,1.25402231946,0.867238925587,-1.66057683977
0.546537125422,1.20279296082,-0.239002621149,0.28653053342
-0.200411783563,1.70659574773,0.490406597531,0.0992480058286
-0.361577075462,1.31562269987,-0.995094887703,-0.60186357322
0.61059004742,1.10686394967,0.585106349446,-0.93170623092
0.879580961874,1.06831604022,-0.0247038859269,0.0626250460005
-0.618750085244,1.40304301973,-0.565439824406,-0.502120028547
-0.0268598297251,1.17561938111,0.635329806366,0.0369424183746
-0.868755886609,1.36212461669,0.439003308433,0.567379042847
0.0671643634053,1.22061316094,-0.974624654817,0.132699169628
0.89397698407,1.62607864514,0.657259730974,-0.732104001818
-0.839404026212,1.60798073329,0.344883265811,0.309882705566
0.676947182822,1.28875341532,0.882083943714,-1.15687957547
0.863719553988,1.11008118829,0.469244702617,-1.07997692603
-0.871057628784,1.52166158519,-0.788741731961,-0.818832386279
-0.444314441268,1.06682483036,0.406078862468,0.455361069605
0.642944574132,1.14391599309,-0.320985276838,0.505652823808
-0.337353867098,1.60643486082,-0.714130062821,-0.270924724352
0.0997876683802,1.30520014025,-0.897141091747,0.159242925039
-0.352684990082,1.46278156068,-0.532013555305,-0.254108373135
-0.673562979248,1.33956628339,-0.95331889921,-1.00577267852
0.559614188008,1.5726717182,0.0739045683677,-0.0531392424903
-0.020166694333,1.24117767752,-0.71161202427,-0.0278905057371
-0.847590959864,1.53346583979,0.103688196986,0.103360685552
-0.944985118594,1.62256599585,0.825200592907,0.811868777103
-0.711446478421,1.09480908599,0.986323611162,1.63967588771
0.775619930325,1.13467126643,0.0173807289788,-0.0340534328884
-0.210445153992,1.31586772986,0.436565503574,0.155897966436
-0.459588593127,1.83606102993,0.481896584505,0.188432372165
0.707551819961,1.20651566617,-0.387978689957,0.608823350243
0.016687084059,1.77787384126,0.0818725259553,-0.00129886296617
-0.654875710923,1.14996476432,-0.526591892432,-0.734237989093
-0.0536615219055,1.93433829428,-0.999613516058,-0.0427786663474
0.481904592563,1.08104231151,0.111765498672,-0.145262877075
0.488729867164,1.85441500039,-0.0494847078828,0.0221824119475
-0.578628810632,1.61148952487,0.012641098596,0.0079877005456
0.516522627607,1.61927062399,0.13543621541,-0.0843993164247
-0.527372587605,1.665808342,-0.985464606574,-0.53371545426
-0.632403512214,1.18826182846,0.701838480403,0.886945554829
0.899389637691,1.89806598042,-0.661537388923,0.544415395154
-0.531065813413,1.07135639919,-0.572379746451,-0.754420698022
0.140641696634,1.06374890152,-0.581704205571,0.219993908798
0.377043925129,1.89327990037,0.785070940317,-0.257444698344
0.385681159543,1.2182994124,0.586040447871,-0.475171823777
0.950409983228,1.63600326241,0.493574496336,-0.58101550238
0.210900517357,1.9367548781,-0.238397489173,0.0410779269067
-0.712485891081,1.47533490716,-0.708350049409,-0.649342685333
0.755560063586,1.84996060807,-0.59155787063,0.423820460784
-0.462417192203,1.10601465753,0.395786935161,0.429005522192
-0.548110405198,1.80268734576,-0.539567699878,-0.258833066671
0.342240148198,1.32469916998,0.329186980829,-0.199426988106
-0.0473161705158,1.44616880787,-0.466673428045,-0.0315250560281
0.254342774964,1.5884353181,-0.413550770738,0.128327369672
-0.541133663705,1.61893283785,0.935914607172,0.549942201072
0.331015281927,1.49614230914,-0.101089556851,0.0463819399147
-0.544301312944,1.70040503686,0.411109934637,0.22018921095
-0.864874465082,1.02182666415,0.587810108803,1.34441145758
-0.592398705199,1.24131661363,-0.266105517812,-0.28975422667
0.842877973488,1.25973865603,0.523355144807,-0.910673173416
0.932876668617,1.43294217067,0.901992644235,-1.35588117538
-0.0222397719916,1.58104961027,0.563588708659,0.0150092186795
0.104375432266,1.12567231614,-0.00278841947337,0.000696322562624
0.00536075105047,1.65798891365,0.911336724737,-0.00533452061922
-0.806658167863,1.85482083551,0.7678127415,0.49977066336
0.515159776652,1.07297677198,-0.0751642701103,0.106380979653
0.701278768433,1.75160212624,-0.716360848328,0.528262317041
-0.285932581142,1.52153029316,0.121786394205,0.0438711270313
0.324350579165,1.82931740748,0.520903168252,-0.15654336792
0.115366473259,1.41047805319,0.280970511656,-0.0494502367413
0.357121239776,1.99662037299,0.358768490812,-0.0999892995801
0.125010856941,1.26945563799,-0.935787806508,0.220533558173
-0.114315789915,1.13225180914,0.404942869253,0.107102270199
0.141250540089,1.24648250622,0.814190037492,-0.225238667918
-0.615335531927,1.93447739788,-0.613761727873,-0.285214766428
0.559813484086,1.8222721336,0.318148747673,-0.170446381144
0.584314470107,1.76162061102,-0.19288891457,0.115717343279
0.134239105552,1.16044883029,-0.113117327075,0.0342883717954
-0.432729823443,1.27643136327,-0.485510409014,-0.370803422061
-0.803684151782,1.36037775974,0.969782410939,1.16947256129
0.842855430043,1.14507681326,-0.67192322138,1.41502685458
-0.524602421435,1.53154120978,0.237746138147,0.151566053946
-0.078168127337,1.29607258464,-0.365528145766,-0.0506327526253
0.29827270376,1.9444232005,0.159445703967,-0.0388970742883
-0.516200132897,1.47521983904,0.782790488968,0.52967878177
-0.696649864772,1.54790841634,-0.634792319432,-0.517641601155
-0.430448813006,1.66965757749,-0.224555277184,-0.0997259571455
-0.502337411122,1.2611559452,-0.599005977851,-0.540411253726
-0.857757327907,1.44990615826,0.24418894746,0.275290848753
0.544340789793,1.3958143757,0.459966478012,-0.407728594738
0.99306866359,1.79467881821,-0.0595351208568,0.0611397200931
0.514738843351,1.79197941261,-0.609061496956,0.308783452004
0.754058996834,1.5537013145,-0.101329791826,0.102701679755
-0.1785192817,1.16637818994,-0.0710914801551,-0.0274954326531
-0.394769808489,1.90171533721,0.0342941062886,0.0108038558437
-0.845821817787,1.63428352261,-0.429486670327,-0.376211925731
0.704898896254,1.91068396278,0.00648302409538,-0.00404011647858
0.548489483026,1.52968146618,-0.322007723206,0.239581133943
-0.785289675123,1.16158301996,0.752807706636,1.21871701568
-0.0874409271642,1.97782333031,-0.177676519188,-0.0118116358866
-0.373063399596,1.64501181609,-0.591982075347,-0.236030093898
-0.853214107472,1.1679585651,-0.419014120877,-0.724427117721
-0.0904841383024,1.89465383662,-0.643887406494,-0.0482538410496
0.700168681655,1.65695476057,-0.000247158010233,0.000203330370648
0.349087001074,1.9921588669,0.532511073899,-0.145601965493
0.554172087431,1.7397339952,-0.588025125549,0.341944841574
0.546312732754,1.65278055654,0.675617035748,-0.428777065181
0.268744002954,1.48555925895,-0.818533011902,0.307289256995
-0.0691283875651,1.57772716312,-0.829363581541,-0.0686225668465
0.234289458518,1.71785458698,-0.143800072564,0.0350716713899
0.611681477838,1.83554284349,-0.831806118654,0.48256056453
0.427750510856,1.81000054154,0.824485394072,-0.337383111346
-0.774823839132,1.48925267918,0.27900175703,0.271383980804
0.516633705003,1.29757036467,0.777867159316,-0.755066261968
-0.273286407351,1.97206373226,0.580017004441,0.119022405662
0.483947065031,1.23636861,0.162640086331,-0.162328180751
-0.908537951672,1.98562155035,0.0655191553496,0.0415215077994
0.637022575283,1.09007321197,-0.789303528742,1.35579744751
-0.633905766386,1.65696498311,0.626251848403,0.407920479413
0.349790953647,1.39095296843,-0.332352122894,0.186795613167
-0.26413068141,1.03592748476,-0.495741464045,-0.356627202853
-0.133539220845,1.26796410825,-0.0841027875527,-0.0206807083423
-0.557789830715,1.14240988281,-0.59052878991,-0.717159915017
0.857995339517,1.6124513745,-0.535312642718,0.579694249212
-0.828641968208,1.32305328147,-0.416170477416,-0.545796549048
0.112196206699,1.29257638433,-0.756695592655,0.154173012698
-0.318279806845,1.43468295628,0.612107023954,0.275193723758
-0.765450313933,1.14133648042,-0.449253647279,-0.735648363814
0.530167665105,1.95724406619,-0.522322513529,0.229002897245
-0.844431072183,1.36156172099,-0.562598203781,-0.708928379994
-0.932361150472,1.72559429064,-0.177580951545,-0.152584508135
-0.291902992113,1.7445366302,0.710523074299,0.198647049101
0.188493077603,1.83500301642,-0.87672813246,0.150062550294
-0.162825573638,1.27753239928,0.244641135818,0.0720468567473
0.478155802466,1.42413544158,0.353737087463,-0.262752962041
0.659898544771,1.65757754708,0.501429973236,-0.386820437334
0.0248286571152,1.38958780625,0.961558169383,-0.0371841359623
0.311593133613,1.94726764892,0.770498655449,-0.19605474263
0.0478192599875,1.78372433457,0.961464666899,-0.043559582198
-0.292302386897,1.65630144178,0.305165007927,0.0947757113376
-0.409765161164,1.45149840052,-0.917874984889,-0.514476763744
0.733679238438,1.62951139789,0.160112198239,-0.143228607553
-0.0159162661052,1.04190488698,-0.0109811672082,-0.000482240982559
0.762257014648,1.56604266611,0.274171173666,-0.276739671077
0.954946487408,1.96471832154,0.609473746263,-0.500084693803
0.961823599369,1.6384591537,-0.677912106971,0.806191142341
0.873260985883,1.26330932598,0.191524251775,-0.344472098592
0.546048928548,1.45584699024,-0.737437180917,0.602882986778
-0.0108601343976,1.19524359697,0.178660112227,0.00407005062913
0.943341816574,1.65374520424,-0.982946645988,1.12309143114
-0.648346576999,1.83584789083,0.526706225157,0.285457436039
0.524498782141,1.12828818352,-0.724730237588,0.945365717204
-0.297750375773,1.27191299508,-0.919664062696,-0.493112055266
0.983947092939,1.57012644454,0.960373135144,-1.2754025961
-0.792863498124,1.04679995635,0.609831426972,1.22649393323
0.0970125566461,1.92952043247,-0.845330352743,0.0667283945165
-0.995644696765,1.63011085658,-0.399262552748,-0.408158872011
0.803360468244,1.32317131816,-0.254261510188,0.380584426585
-0.607484623234,1.63039158455,-0.963187513084,-0.622545541217
-0.100380187865,1.18474966921,0.424543295006,0.0901779444402
0.888991897775,1.89940306297,0.80653405629,-0.654396649531
0.479517198686,1.13536951914,0.0945565301797,-0.110836687047
0.466225065777,1.99560113935,-0.0408498350632,0.0150485549794
0.809148452177,1.81426967329,0.164248691672,-0.131792879757
0.761483738258,1.15743059302,-0.778306401066,1.43661483858
-0.339522214,1.94122335302,-0.623529677608,-0.163002810605
0.295861793113,1.69105455217,0.638112745324,-0.204096402635
-0.81424072076,1.04998729358,-0.717471674516,-1.46999112632
0.900782304324,1.65906521592,-0.87357353313,0.942561283727
-0.378933012349,1.74088284348,0.307722660906,0.111211929741
0.702729092433,1.09118783636,-0.356611620358,0.679125692153
-0.138057994452,1.0325252146,-0.505464065975,-0.193694370218
0.407772956308,1.39798561309,0.40446785357,-0.263936121787
-0.0115656363388,1.14420629244,-0.530659403993,-0.0140474013097
0.0962927490176,1.52140860007,-0.0603397352725,0.00760376546034
-0.787006125744,1.71075855383,0.821305210688,0.614222300069
0.805390536237,1.77295546201,0.768687643473,-0.64261186111
-0.340086528494,1.05678407209,0.978593971492,0.864602583257
-0.33298737094,1.38769036557,0.546137896381,0.274182849531
0.634621280132,1.8375464871,0.125626461222,-0.0756336392617
0.995619146705,1.84053167565,0.983133546686,-0.962690225016
0.244443106308,1.56652615665,-0.469614899677,0.143851219695
0.610936389366,1.54610247383,-0.26995172063,0.220447164476
0.332187593057,1.86057226457,-0.650459329173,0.193688354394
-0.241252352451,1.01489780575,-0.028203010846,-0.019350428709
0.470755654552,1.57700714296,0.0795204081384,-0.047388134938
0.321550789321,1.35492209586,-0.179565893552,0.097490042532
-0.421177376351,1.46281466299,0.00695907196462,0.00394314020387
-0.315170002893,1.27200300381,-0.5807560619,-0.329008575894
-0.904124752766,1.72137273625,-0.112896418042,-0.0947739813192
0.247693447228,1.48537968543,-0.755407355211,0.260876330332
-0.0850516481812,1.40025455846,0.041420831823,0.00534479051445
0.338830060639,1.52636870333,0.319111304325,-0.144110873498
0.203000337428,1.90229078396,-0.767737706629,0.131881532374
0.325493000828,1.97886477188,-0.698000847899,0.179911026567
0.848292274907,1.19886406157,0.0941942572033,-0.182242291558
-0.752625457689,1.10897975923,-0.79985488837,-1.36568206101
-0.587603898825,1.63556856382,0.0899639051686,0.0559936821903
-0.528659801035,1.47860769118,-0.898268191536,-0.618905795036
-0.761646726398,1.68914971724,-0.599414081328,-0.446053297864
-0.368342392141,1.32448231474,-0.656536418037,-0.398868851333
0.240215381438,1.33730211991,0.474910419387,-0.196080527038
-0.613187309076,1.41429746389,-0.106620767702,-0.0923908289199
-0.119165058199,1.49839857643,-0.0683766711227,-0.0107591696203
0.561691156883,1.91885341538,0.341434353054,-0.165557276331
0.867229328596,1.76872307855,0.569568130813,-0.518655102674
0.32191445404,1.12059010532,-0.646003119497,0.513349713065
0.999954665755,1.65858638465,-0.334237549305,0.404982181342
0.84214549745,1.58722184711,-0.555054483132,0.607820013603
0.564341024056,1.72036429097,-0.335748816857,0.203546806223
0.234383519767,1.81645678732,-0.0819837476841,0.0178906569345
-0.198571867827,1.087296434,0.402587461874,0.198913350538
-0.543612625155,1.3199824295,0.377423798384,0.335053630565
-0.132022994577,1.34079251542,-0.622952782788,-0.135458618958
-0.861752190443,1.7975445777,-0.714845769945,-0.526570801182
-0.781628959008,1.40122844373,-0.364242814783,-0.403469415037
0.677225664326,1.02877168074,0.99360008753,-2.04589391261
0.197042224645,1.56244452064,-0.246847446497,0.0609737426219
-0.802573198402,1.42815705909,-0.351464166068,-0.384067713956
-0.823298681921,1.35124888524,-0.402410622494,-0.502941844656
-0.947293441253,1.0138640408,0.158608435761,0.400558422173
-0.552563251967,1.03631413441,-0.586442496539,-0.857803631317
0.324015376853,1.84998387878,-0.735966014277,0.216029757597
0.618239396711,1.20190940823,-0.276815668116,0.378826876538
-0.257652773613,1.95227530096,-0.111965974254,-0.0221366565187
0.891743832289,1.53049212496,-0.869354197521,1.09008581713
-0.916968782755,1.77334770774,0.990184978371,0.79341841278
0.903126922482,1.00681494003,0.312454160684,-0.918047004146
-0.714723325063,1.57293688637,0.715965822452,0.579092507911
-0.451575330549,1.04303503484,0.949290145187,1.13102157072
-0.133974388534,1.21171852859,-0.848202359199,-0.229118002508
-0.107703197153,1.74762331772,0.0430104079643,0.00450168673638
-0.650838277361,1.23069066902,0.161754750155,0.195780655738
0.995381728362,1.80715493725,-0.850403904987,0.863535271009
0.271676978662,1.68247228926,0.774335847371,-0.229176264346
-0.693016814179,1.42923268679,-0.74808272582,-0.71204677389
-0.892217732172,1.15551587301,0.573586265633,1.05565668747
0.664198087896,1.45597060521,-0.484767117611,0.488084691894
0.796752881997,1.23498536164,-0.614648998562,1.04666420721
0.942827361829,1.03367657083,0.747940173544,-2.18604099413
0.500209996288,1.44446217752,-0.642502676241,0.486432079085
-0.343313510293,1.27124929653,0.696786426092,0.429329460874
-0.320873689287,1.81563790195,-0.838094330978,-0.237122804058
0.489399706107,1.31961357093,0.15793964753,-0.140015026605
0.476389991262,1.82489077326,-0.927062900346,0.417751224348
-0.827324258337,1.19795141674,-0.68150674032,-1.08859820692
-0.0402108130239,1.08231818243,-0.332158932476,-0.0340688366823
0.520327734258,1.13230558474,-0.100575648642,0.129172614583
-0.825590500768,1.3354317949,-0.868931247754,-1.11474706667
0.302836725494,1.16074373746,-0.121608735285,0.0845623730157
-0.162826011294,1.31846175047,-0.0770933454294,-0.0213163268261
0.506871402622,1.95620058618,0.508225910768,-0.212735375102
0.40023781835,1.7570163635,-0.675267333349,0.273591771529
0.388133833954,1.36271634012,-0.075155352769,0.0490279836322
0.58860256503,1.7426881388,-0.0127198707594,0.00785837301126
0.567415289565,1.36703544241,-0.254797386363,0.246052053917
-1.68312339277e-05,1.18784462389,-0.0184941359761,-6.61837320928e-07
-0.692053895283,1.4917513001,-0.472979282907,-0.412714095255
-0.0408996480027,1.2811909576,-0.744671939492,-0.0554377324219
-0.77809789901,1.08784917449,-0.245625108336,-0.449519731397
-0.168075225948,1.57161172625,0.942914021612,0.189307482806
-0.119280219485,1.04017190682,-0.758273620613,-0.247831079983
-0.677216799667,1.22344200278,-0.308152804073,-0.391733098541
0.450782076091,1.00610606248,-0.445700391071,0.623556158492
0.915906488141,1.1197739488,-0.00768725636799,0.0185439155081
-0.1842619521,1.87490042194,0.849088794419,0.13110644968
0.702744821088,1.20198931303,-0.677228814756,1.06291460105
-0.924327867207,1.9497797943,-0.788000959188,-0.526148323114
0.993341792554,1.39835445664,-0.528273617978,0.893882965726
-0.301709696151,1.58794416437,-0.698312107978,-0.243321414264
-0.340007953953,1.56918634267,-0.452116635037,-0.181130216441
-0.77624698859,1.28836596639,-0.442865815167,-0.57656372759
-0.354800403398,1.80491271906,0.967335765742,0.305230875495
-0.782185824854,1.60156081304,-0.167004438639,-0.141698590281
0.775279782338,1.14505849406,-0.487374377017,0.937203405408
0.131951275706,1.66433937716,0.0681397300507,-0.00986779672965
-0.122371990398,1.42323946464,0.0501152466788,0.00897294286512
-0.194056993045,1.36157320829,-0.810291757071,-0.249610540992
-0.846363692497,1.2057386403,-0.0122332787696,-0.0196983854404
0.911565907093,1.85658037856,0.604908690222,-0.52805915664
-0.0989959059207,1.15029778822,-0.112626265044,-0.025031069467
-0.359835391075,1.39117664287,0.949404663634,0.511162612466
-0.490538476591,1.38201200675,-0.139967014033,-0.102801302486
0.410615733297,1.76028558761,-0.345818751945,0.143366733836
-0.0213885698941,1.52967871209,-0.822843736435,-0.0225160405489
-0.521546327139,1.17690240421,-0.0822709428265,-0.0883283562675
-0.106410650839,1.35779494924,-0.702627351928,-0.120383256619
0.915821049488,1.69754138592,-0.524593847953,0.550590414179
-0.152863055314,1.41613530238,-0.555421747626,-0.125097503865
-0.62236903286,1.28704569939,-0.645943419106,-0.685416235459
0.0665505076565,1.41905476128,0.651942775885,-0.0650704344603
0.321074009503,1.25253081546,0.745568460453,-0.472944224347
-0.873945563518,1.24000467158,-0.719205648458,-1.12778140388
-0.203122553719,1.12874297002,-0.130636740444,-0.0612380732947
0.582370938042,1.09788945164,-0.0982543663153,0.151221660494
0.228838481503,1.68168045008,0.183181376563,-0.0455091251771
-0.744483523335,1.61550740647,0.785698623521,0.625790385507
-0.788279643209,1.05880350262,0.79463157854,1.55376184332
-0.178880793555,1.88356363342,0.93244270137,0.138562751768
-0.807568612397,1.75421733126,-0.728303887299,-0.530540469623
-0.493027737245,1.04301813495,0.130782901165,0.169456813177
0.878813343983,1.72106077185,-0.114440835946,0.111674795018
0.69784348235,1.29044962603,-0.852963291499,1.15277319018
0.868758479641,1.21119618886,-0.873668278519,1.69984005057
-0.53785098464,1.51163622065,-0.849778883964,-0.569432860799
-0.761586471471,1.49194224536,0.684651580696,0.653024940198
0.894019687276,1.91123125949,0.824952368487,-0.665187415042
-0.47556329875,1.30033680328,0.388920343326,0.313257264826
0.608908834415,1.02152920815,0.880634086846,-1.64153968904
-0.560567454422,1.14275016438,0.437815671631,0.533888538831
0.638515353228,1.77593441948,0.614841059343,-0.398893429845
-0.498711921435,1.99542313337,-0.57116957722,-0.204423136329
-0.133591522461,1.50726452005,0.49413202853,0.0860202721032
0.112299227465,1.40401141081,-0.19964950864,0.0345087858233
-0.0404603493392,1.36049767692,-0.0796070416202,-0.00519939884353
0.85059564298,1.69339102678,-0.743539840526,0.723171533648
-0.00306025308632,1.47274354792,-0.280469750035,-0.00118679985464
0.449970721678,1.92873194506,0.204767344388,-0.0778068366447
-0.00601103145524,1.85110669717,-0.922220525297,-0.00485044023382
-0.126939702015,1.7594518675,-0.815185176809,-0.0990243494522
0.152853490949,1.37590900234,0.346681640426,-0.0852781235326
0.262930533435,1.00986380745,-0.484352205124,0.384742067645
-0.999974481754,1.84171046645,0.677923533547,0.545075287355
-0.083550587896,1.14800365316,-0.0016236277604,-0.00030623668255
0.698074564208,1.84800018384,-0.259847963599,0.171303214351
0.893108465495,1.52201451705,0.149495258703,-0.189865092903
-0.0409134833028,1.66247910688,0.299564003919,0.0132492629824
-0.456278072703,1.93013157723,0.0417334003495,0.0146650540715
0.485019697812,1.57043561872,0.932327275427,-0.578097184125
0.575130204425,1.18430448959,0.670770732841,-0.875506602685
-0.825696120379,1.93890367662,0.206563937572,0.125726753629
0.388787684988,1.88585303226,-0.0489531137044,0.0167039897769
0.937868138031,1.79303575717,-0.389890541574,0.376528156663
0.912744970928,1.51064930587,0.249063361601,-0.328867170314
0.330698116431,1.40708847359,0.021357821189,-0.0110680724126
0.069116834589,1.01127502337,0.170236731743,-0.0347561716236
-0.133096285357,1.26450963367,-0.273167756778,-0.0673178398675
-0.649973832133,1.8673618496,-0.272738851342,-0.143205147764
0.460095911756,1.99252111232,0.951751924544,-0.346851455032
-0.358222369785,1.89744776028,-0.415681543338,-0.119787034404
-0.587184846203,1.80236028712,-0.877185127588,-0.449286778472
0.702091867096,1.94131068165,-0.971757243266,0.584114038677
0.155553784292,1.26218481299,0.930559686832,-0.276891024955
0.794892245565,1.81338974774,-0.290563932723,0.228907504705
-0.115025514646,1.7521664796,0.226355875595,0.025152982807
0.380706829396,1.00108765838,0.634670090544,-0.751921631271
0.823315399239,1.83724128514,0.475996049527,-0.379553188515
0.929266375961,1.64232080835,-0.965011197804,1.09960176024
0.902733447926,1.9609638266,-0.442739826663,0.3427514454
-0.40479516454,1.35448322586,-0.508875449515,-0.323733224397
0.142936662702,1.64655838626,0.716802804098,-0.115017194655
-0.672056132288,1.88998067118,-0.152423053209,-0.080614772657
-0.457135720895,1.94700077388,-0.720019488188,-0.249095379447
0.719976706818,1.98081794723,0.598141172848,-0.35481764401
-0.91129738242,1.63216268081,0.69706877356,0.65562231385
-0.339401411766,1.08463183239,0.090481927091,0.0757419796417
0.645691657623,1.80776389037,-0.0914632274854,0.0579559269962
0.701621237587,1.02772276296,0.025765391028,-0.0552206525598
0.355367801878,1.48238389766,-0.134252529682,0.0675328006135
-0.0271233981553,1.04581390336,-0.760675412971,-0.0564390312812
0.0124166005777,1.77758274886,-0.548750508539,0.00647707354969
-0.831120468385,1.30069800986,-0.796007948863,-1.08311931244
-0.0597867809651,1.45436007392,0.461204116428,0.038876480172
-0.895968725101,1.84595389008,-0.703472259011,-0.509276381776
0.775599616815,1.12785110403,-0.962562318718,1.90873665553
-0.355094343654,1.5631845801,-0.524475434538,-0.22080839241
-0.563179484605,1.82358314748,0.343056758721,0.165001640244
0.287696934921,1.20807842895,0.475820375956,-0.289725712923
0.139230834132,1.81894070056,-0.952533092348,0.121951986305
-0.982239896837,1.65315162686,-0.357122263217,-0.350622229089
-0.00923444363832,1.95780718399,-0.997688948712,-0.00720421149551
-0.535117460283,1.87525389897,0.0420265932709,0.0182110516925
-0.376944869532,1.15834269973,0.111233405287,0.090342204307
-0.521739299824,1.57430125523,0.148145729488,0.0889202596507
-0.172939021348,1.01984591176,-0.138545905361,-0.0679348134084
-0.268189481752,1.3972749126,0.633496729176,0.254243451267
0.95276951197,1.14443575106,-0.183568534001,0.442801270934
0.274009040441,1.60293915537,-0.973431549941,0.320201695918
0.483338452583,1.96986806207,0.241299570648,-0.0947480431367
-0.228644846879,1.00758865256,-0.968366670168,-0.63964332262
0.00300959677265,1.60881258955,-0.323980356075,0.00113049347019
-0.898540703506,1.16905362096,0.339514554921,0.614441009178
-0.53890044423,1.92394549731,-0.2145253168,-0.0889052723077
0.153462827131,1.07905513583,0.542540571082,-0.217864200368
-0.3307063998,1.39910024127,0.232297060696,0.113967202186
0.311675882063,1.60731712019,-0.227750566043,0.085080908041
-0.920878236679,1.80691367233,0.438426368588,0.339693907153
-0.501368009505,1.81417679775,0.160416080517,0.0698104890918
-0.774997479156,1.83641719138,-0.721553974618,-0.461668763576
0.362170799466,1.61967388882,-0.330675857912,0.142102849991
0.0438678076523,1.92123487208,0.232935808743,-0.00834164812511
0.429751406179,1.39319279499,0.693786180341,-0.481524675558
0.108440133713,1.66378087451,-0.644517258746,0.0765753183951
0.102953401153,1.26467227445,-0.77019013231,0.150278998828
0.129447832781,1.88378454357,-0.471754881123,0.0523032329813
0.579200097238,1.72162897942,-0.209453116309,0.130337623771
0.620486039827,1.00070622207,0.568002081394,-1.12566629469
0.148413368422,1.75669339943,0.445845093148,-0.0652950333927
0.232916580165,1.40701608359,0.41991699279,-0.151747689911
-0.214154320086,1.15732651176,0.89825393181,0.421825667418
-0.184808629533,1.65177588195,-0.501475843712,-0.10005490978
-0.712099458146,1.34045716213,0.491890841737,0.545946607253
-0.992622792786,1.10475637041,0.45203232087,1.00332268546
-0.926349832984,1.43665397958,-0.293955753355,-0.36224198515
-0.858363711376,1.93718052457,-0.0620218859135,-0.0391952102379
-0.279513575803,1.8449506298,0.931551629433,0.223248745987
0.791120956309,1.50799593977,-0.213389838629,0.241841465276
0.241342646432,1.80732390678,-0.179444684503,0.0407590325941
-0.4293878103,1.57362388101,-0.637347830077,-0.317897260489
0.0667628249074,1.84715618674,-0.814754093072,0.0481486890675
0.76436905367,1.34849128142,0.563830912641,-0.769857557231
-0.0464568773873,1.10323666149,0.677057798525,0.0771696835758
0.951703620122,1.74350628539,-0.201973858947,0.209654547534
-0.856549964171,1.49732015585,0.823867155023,0.869781103714
0.872619496812,1.04601794962,0.777248314278,-2.03742450686
0.688300403456,1.25873318817,0.71570753171,-1.00170200566
0.560485003675,1.96615451938,-0.111943336315,0.0515820413906
0.673280408824,1.18879675572,0.47710130828,-0.731111638446
-0.671476652001,1.27172580379,0.822006371226,0.959435689485
-0.34510265769,1.85522853345,-0.778069516837,-0.226234234564
-0.577649023689,1.14888104077,-0.921985826938,-1.14438001672
0.826878547277,1.23091792022,0.0755297234095,-0.134804857386
-0.525970843511,1.18202110946,0.799395039103,0.857692763569
0.55347035317,1.00526966197,0.474124410942,-0.824651568422
-0.273905074946,1.77590926073,-0.991573370588,-0.251460107009
0.88770489808,1.82563819146,0.693077038404,-0.607734905737
0.281234443424,1.70979239072,-0.530477437723,0.157528382892
0.813736548515,1.64262205242,0.198377597795,-0.195381531681
0.48989204615,1.01109599878,-0.715339959091,1.08134405826
0.545091375244,1.68110202129,-0.43249192416,0.264681197471
0.536926773808,1.85846591953,-0.310901255036,0.153220680518
0.209106669291,1.88688510131,-0.748812384704,0.134756253479
-0.232354554902,1.96419547414,-0.897729847905,-0.158516004784
-0.839001284377,1.95516730105,-0.440234687109,-0.267430551924
0.690189492411,1.47421396545,-0.34847012008,0.356609788208
0.623685686005,1.02117125029,0.272575319864,-0.521608002727
0.0692982261687,1.33293491021,0.184228685387,-0.0217071496849
0.731123806515,1.72229163659,-0.259703349356,0.207180684832
-0.573968535105,1.79948290991,-0.664619128141,-0.33423252477
-0.0351330895715,1.16615769427,-0.223702785382,-0.0172771175649
0.72814275575,1.03847299934,0.811450188452,-1.7727296089
-0.17191893992,1.17409691147,0.101891377779,0.0374775879707
0.928196100647,1.49844199169,0.466693694606,-0.637998127147
0.00439594161541,1.21847352365,-0.287030891921,0.00255070699212
-0.780256153011,1.86233652186,-0.853237062731,-0.534174027553
0.326886333991,1.21051215022,0.709263935754,-0.490705922918
0.0857580706976,1.76317365411,-0.117739732476,0.00982810105542
0.247082990014,1.85780080559,-0.852737723758,0.187778885186
-0.13604091065,1.50528929307,-0.489099653596,-0.0869120193226
-0.358202164781,1.02518909805,0.103080175771,0.101749496738
0.598040091339,1.23784609461,0.870098417846,-1.08359810344
0.932219744066,1.48062162814,0.867586043297,-1.22057070835
0.342858183427,1.5357123344,0.425437634112,-0.192133602302
0.297722948244,1.48147688053,-0.735489051878,0.308493735565
-0.775173941525,1.21433564915,-0.227668412686,-0.333212603705
-0.426934109433,1.16771478008,0.536548067099,0.483348705141
-0.92310612392,1.48278673145,0.853545526567,0.984228738854
-0.663454070505,1.02918037069,0.223167804325,0.393262709156
-0.296756562001,1.94223256435,-0.982953597937,-0.225295073098
0.357420773544,1.27714356717,-0.198401073963,0.135260941954
0.124525871998,1.89736948098,-0.927341863106,0.0974448597664
0.143005643516,1.64083071737,-0.986702247106,0.159510209452
-0.48163109398,1.2973813657,-0.525825518071,-0.430638890652
-0.00594762448931,1.05749993536,-0.359362770676,-0.00573032104697
-0.416290765698,1.58475542709,0.847166223803,0.404435318295
0.159475172397,1.03096359993,0.101388659836,-0.0463765878358
0.602457314136,1.74957977448,-0.624749707675,0.392529039421
-0.0334742175989,1.12756839948,-0.426108006601,-0.0335439539439
-0.962175523382,1.64220955227,-0.37108726975,-0.362324512013
-0.450768781855,1.70436826749,-0.224443128323,-0.0999784226038
0.940230719135,1.46476430718,0.0779104388074,-0.113057325131
0.771543681021,1.91178278085,0.460703325345,-0.316152753196
0.666475325149,1.84425354986,-0.654461499517,0.41219478883
0.0370611289295,1.40463521922,0.319086755968,-0.0180482087327
-0.388328274938,1.17373019197,0.534890813518,0.435414803262
0.258165799268,1.62537401127,0.824485730805,-0.24811655932
-0.324779556958,1.11948421338,0.677731626275,0.510329832764
0.864995619755,1.51307169948,-0.854003670662,1.05966142226
-0.355200484472,1.35035072521,0.74546217214,0.420696345124
-0.812063294946,1.01382808917,0.355406165989,0.779110173093
0.806583632799,1.906592014,0.402345079817,-0.291324416833
-0.683319728085,1.15673191196,0.0723004725715,0.103684703441
0.39417114987,1.84508466452,-0.611502120224,0.221124372411
-0.239868898799,1.13908820631,-0.61970988842,-0.335640620266
0.622064758968,1.92111643205,0.589550634959,-0.317880115293
0.829930255644,1.88806178519,0.137345695251,-0.104609917891
0.149355591239,1.2317875786,0.427806102856,-0.128248836284
-0.699292353232,1.05711087779,-0.766316333816,-1.34459650586
0.088060073942,1.29988006856,0.886384762867,-0.139816154086
-0.305615735652,1.61786169842,0.902760958717,0.306840727205
-0.549036775957,1.30748038611,0.131804750711,0.120384502634
0.576361080049,1.08321279684,0.945899407911,-1.47915829597
-0.693662941028,1.22156710937,0.508345714627,0.662930135285
0.712672895332,1.92150727926,0.491050594277,-0.306170206802
0.0257318314984,1.94608395989,0.164152022215,-0.00335454795004
-0.759562225037,1.37906919229,-0.550601709806,-0.61313407618
0.316124022995,1.38551289374,-0.916945174007,0.467790892041
0.879287010638,1.68945454181,0.546407120142,-0.553664210652
-0.410004961916,1.64246188354,0.763960596946,0.334610674041
-0.129829472428,1.15858935507,0.438239083137,0.125529110377
-0.229792469286,1.13834097522,0.051471181262,0.0267676115482
-0.103159862675,1.941286995,0.161824971856,0.0131534850352
-0.142508786457,1.17540477685,-0.480503873152,-0.14660186456
-0.820450374765,1.46888474643,-0.153836387977,-0.162185441448
0.210265546145,1.03471554261,-0.319052135827,0.192016332004
-0.160401282027,1.64767440013,0.845269634231,0.147458804448
-0.411594859404,1.28631492386,-0.925633109835,-0.663465280026
-0.205922769897,1.07401784349,0.825927876002,0.433403565033
0.670818095643,1.73088139797,0.208734907861,-0.150294444089
-0.321664410984,1.27423405562,0.743820294466,0.428296120561
-0.478784560538,1.29520178974,-0.162045744565,-0.132407699267
0.54765951808,1.98962874271,0.316693317717,-0.13905523553
-0.0493838252586,1.61445337939,-0.621824659669,-0.0351708992134
-0.586812599113,1.81919263689,-0.227882503321,-0.114500942468
-0.701748684494,1.48609302062,0.12778810615,0.113827332566
0.585207317424,1.32525842362,0.172941920218,-0.183619741434
-0.969255853643,1.13966831822,-0.130460114641,-0.26625840486
0.754719528509,1.76230722682,0.615008397135,-0.484958474325
0.518835873428,1.93685934493,0.958329237407,-0.419380427512
-0.477786062338,1.59847715028,0.403685865824,0.216130413017
0.558368478052,1.05670710436,0.428086245252,-0.680169446932
-0.329329262797,1.83707824555,0.542963102537,0.153884353524
0.825346196103,1.34593075062,-0.523757716839,0.780284045002
0.648422601351,1.15847034641,0.0513915100288,-0.0796555538791
-0.984071605595,1.12347506128,0.774413421066,1.64903775191
0.390027171875,1.64851922645,0.124582328528,-0.055816470333
-0.965019664038,1.13254490236,0.459950444479,0.946778062458
-0.863308524796,1.55177072807,0.234809139659,0.23247971092
-0.342295175742,1.11764234608,-0.281408059303,-0.223684524606
0.817455425371,1.71879059003,0.648187896325,-0.585972550813
-0.639389516231,1.00380451044,-0.245319195415,-0.43893812366
0.59346071371,1.55617899457,-0.199003081986,0.155533541243
-0.213812083465,1.39672925271,0.230615210306,0.0742384894912
0.180267972511,1.95413039617,0.69509998912,-0.10024907958
0.311764230451,1.44361127069,-0.593263167148,0.274820863181
-0.983353362819,1.90127302871,0.00277652742379,0.00206304593739
0.61733462315,1.17330874116,0.991202624111,-1.42119441638
0.0573135214754,1.64929520718,0.382758896938,-0.0243334172688
-0.602454934453,1.16682556391,0.87439330317,1.09479886171
0.515364092291,1.66020450973,-0.882715260033,0.522050123496
0.592241629653,1.33344694091,-0.169741554599,0.180289622064
-0.0897952670774,1.46953804838,-0.317619396144,-0.0392679014931
0.0257875389273,1.01781584888,-0.154398595245,0.0115599901148
0.267731364967,1.06086451578,0.778447167435,-0.570841731948
0.125164527452,1.45621493581,-0.630537712994,0.113066189304
