-0.297345325944,1.60226463818,0.910802241789,0.307335472039
0.0510024839483,1.26830004502,-0.982085938112,0.0938941937444
-0.301626768751,1.48557534185,-0.728045631177,-0.289770760688
0.0528302776364,1.79561817686,-0.273791093383,0.0135299424595
-0.914553028749,1.34114928192,-0.140393646804,-0.196208313233
-0.276248674998,1.50261752539,0.90479368408,0.323176306983
-0.95213466968,1.36652887333,0.724981753504,1.01253562017
0.0531718152709,1.31174317377,0.642708761992,-0.0599010893811
0.43213717551,1.70692912921,-0.19106322437,0.0888534032094
0.0495007834132,1.22322400614,-0.913948387617,0.0911587028715
-0.897829239197,1.72476263508,-0.273524928981,-0.227254893974
0.633927967048,1.96141245861,-0.319885807156,0.16883434045
0.929478211453,1.83266150199,-0.620290544605,0.567752224794
0.959907032749,1.63420774284,-0.252515135019,0.301196844336
0.151665025894,1.08831416304,-0.0675721052147,0.0263574125316
-0.222644257644,1.71583606356,0.425662022238,0.094467587825
-0.704311153289,1.01024217161,0.728845427757,1.40965079949
0.826538627862,1.40483078259,0.0985656002585,-0.13499836676
0.170067526557,1.98910799946,0.934541878869,-0.122595394526
-0.821217680255,1.24362785944,-0.284605034446,-0.418952807859
-0.696209899963,1.89242169036,0.292696430386,0.159592737449
-0.396497711862,1.07445099618,-0.963394589402,-0.954785588072
0.502601761434,1.2530632684,0.295279339609,-0.298557285855
0.994204522289,1.85934311874,0.4142129538,-0.396807163693
-0.865988762233,1.22107318194,-0.0417573624219,-0.0669597667659
-0.948202099955,1.51474221625,-0.60851104406,-0.689081146467
0.341174791385,1.53944153299,-0.25022247736,0.111885499069
-0.0548915019936,1.49325989447,0.794560665467,0.0583586504153
-0.184211579869,1.19467280412,0.704088530711,0.267694891658
0.469961842638,1.75741801276,0.551797013658,-0.264312931829
-0.785355604186,1.87428894286,-0.133245534355,-0.0828576686798
0.850052231536,1.54903111969,0.858191794495,-0.996809856998
-0.368216578818,1.52999854699,-0.828960762645,-0.377287546752
-0.202103195725,1.89717024175,0.797532309632,0.131686241296
0.473390364624,1.37265038736,-0.89561803117,0.708606698654
-0.704936058182,1.40448501505,-0.530021548782,-0.530818694915
0.740416253565,1.6576593439,-0.332775873758,0.290513952447
0.15686298252,1.33273455178,-0.59350111112,0.159750569261
0.777986818242,1.77829846996,-0.725623737473,0.580724202818
0.105990572791,1.79635505321,0.839526451538,-0.08361153534
0.0297534884599,1.53245467484,-0.360014058463,0.0137245285225
0.475305525791,1.11395552295,0.336409309291,-0.405859174458
0.292368038307,1.11029668201,0.76826374371,-0.563079997335
0.821626121764,1.34809764861,0.904696617687,-1.33687257047
0.735216026096,1.05723429429,0.0552146995293,-0.117601578534
0.78498787808,1.67942216824,0.643045759942,-0.58265356774
0.356613087204,1.32728763459,0.839255680055,-0.528509906684
0.539859360389,1.89536074927,0.451565109865,-0.215199328165
0.532004016066,1.81231887817,-0.489396600993,0.251171188437
-0.637381781064,1.62150246935,0.942439033219,0.64432382419
0.845740181155,1.92416752069,-0.650116094322,0.486676238732
-0.335572003593,1.134711043,-0.826079752773,-0.624919207966
-0.818822104764,1.84349117741,0.0371917174227,0.0248482003324
0.647707303072,1.74517819326,0.696897811083,-0.475413492739
-0.274146367523,1.58292837772,-0.309207707924,-0.0987838125446
0.0358057268036,1.89265894171,-0.0155291836272,0.000467342702437
-0.784144347312,1.19409058617,0.166257516882,0.254353852138
-0.820525344219,1.42229458115,0.868819867543,0.977047191715
-0.402009131153,1.77767114876,0.504244644601,0.185002836957
-0.124964404418,1.83141035012,-0.249730496515,-0.0275685754536
0.373395211759,1.66668187593,-0.136885865031,0.0573416302251
-0.897127059598,1.25747525908,0.892074747646,1.39336707475
0.290000187556,1.62579092449,-0.171290288509,0.0580635604294
-0.538475220753,1.07600492405,0.612339985802,0.810724506925
-0.625112953758,1.86174526352,-0.686571521931,-0.349616135403
-0.958410643112,1.01322381472,0.00432231902888,0.011046669305
-0.484323177144,1.84127402583,0.189694414764,0.0775414286322
-0.678461341686,1.37997329275,-0.890274015038,-0.891086812837
-0.983298632811,1.51815599211,-0.00847588783952,-0.00987702840872
-0.383057282474,1.59929496667,-0.760186519462,-0.328944592236
-0.873600327438,1.67206682917,-0.805720985937,-0.69460529521
-0.17956747423,1.68778929843,0.678645937147,0.126074251658
-0.546894654986,1.9436472154,-0.723696620403,-0.298003928276
0.476069820887,1.27373096562,0.0356548524006,-0.0329563367715
0.796919071304,1.65293880187,0.695896031952,-0.661657202968
0.0649861547814,1.41566261292,-0.686290642307,0.0671989010138
-0.355077979094,1.0489051023,-0.283669567218,-0.265235695138
0.925095888531,1.29218997812,0.354967374839,-0.650132179145
0.250798672433,1.91746360254,0.414298109758,-0.0869633263377
-0.0892546701668,1.72023270137,-0.55562400666,-0.0498310138091
0.804524070703,1.64345793132,-0.740222363433,0.719334853946
0.0510161435753,1.09237124721,-0.0097505052081,0.00125700426912
0.321472000969,1.11766767456,-0.831359712361,0.663160562889
-0.587765629188,1.43248043392,-0.874364719964,-0.709637161592
-0.226106936846,1.93900271588,-0.348891519563,-0.0615542989989
-0.263215117863,1.21970797346,-0.159893403335,-0.082692757291
-0.277271093221,1.76547044118,-0.973428825785,-0.252773381526
0.425846301028,1.02674616291,0.00348190506647,-0.00440721753973
0.393516992261,1.53524271051,-0.314027965464,0.163732375758
0.0300850996664,1.73541626384,-0.656992476269,0.0197485097004
-0.971144153007,1.58219398793,0.809591417329,0.858814698344
-0.110646718007,1.74484726554,-0.0833621857915,-0.00898949126158
0.407922979619,1.31098939577,0.643906680617,-0.477981779724
-0.451220338667,1.83790484409,-0.456411241926,-0.175006107863
0.187276124616,1.2505543821,0.550927051546,-0.201698664695
-0.451001133814,1.50461955424,-0.372276396853,-0.212888936328
-0.306075219486,1.06629048751,-0.727815728916,-0.570330350842
0.342506867028,1.89067697469,-0.350252240696,0.104249116185
-0.115989103801,1.39780697467,-0.280869687979,-0.0494470697395
0.124766729839,1.83814137086,-0.435200709268,0.0488207513277
0.962685879502,1.99778404815,0.278132469814,-0.22270044704
-0.970107942303,1.53295472817,0.313034053286,0.353397391925
0.892751941009,1.75507088802,-0.0940538274778,0.0897949764045
-0.505611130976,1.23036028346,-0.70613484676,-0.673503096446
-0.39575184125,1.05125504103,-0.848223177368,-0.876561208675
0.289485859945,1.82036041689,-0.65195259875,0.175957441745
0.896081403683,1.77442323156,-0.714426839859,0.670013704315
-0.757063718412,1.95680163135,-0.135421087179,-0.0746711155701
-0.230678771481,1.49354099438,0.941292889178,0.285440056563
-0.373913748083,1.67282219462,-0.465584259052,-0.17990729775
-0.903610411342,1.5694357793,-0.251953740369,-0.254311422319
0.62042206501,1.98270886352,0.746548750907,-0.376847354055
0.813136779032,1.56354631057,0.860296740587,-0.93442486976
0.138576472376,1.82510841926,-0.449295901945,0.0568625413308
-0.600502792395,1.05588119585,-0.170215767254,-0.259465426477
-0.838198755403,1.21103651046,0.24565861677,0.388623165064
-0.168196257807,1.40273983952,-0.318711078732,-0.0803778824662
0.167604844187,1.38967387866,-0.626042357835,0.165777821062
0.983280860748,1.94442345462,0.410222222593,-0.35496683604
-0.18763550556,1.49613451239,-0.655335921204,-0.161765375216
0.424835925871,1.43797438437,-0.913586247419,0.588089627361
-0.402756637737,1.77953336514,0.0887503692431,0.0325516810043
-0.0571401968145,1.25320847172,0.416476417594,0.0451993566626
0.184210408487,1.8362221056,0.801508762913,-0.133834484971
-0.617312022558,1.35815876483,0.307414933861,0.290693478737
0.475436360847,1.19868788271,-0.80691142395,0.840973272815
-0.674457962683,1.15244145623,0.831393977251,1.18658659775
-0.761219629515,1.03447428195,0.00121590353007,0.00241117904971
-0.528589717264,1.50022573213,-0.769050372695,-0.514649232399
0.733314870126,1.87461680155,0.641081031224,-0.433087108493
-0.117903658843,1.30312472908,-0.068782596689,-0.0141600436481
0.877854382543,1.82803635954,0.855522121401,-0.739108709955
-0.17491105994,1.0048242107,0.844669845568,0.431434343833
-0.220559428845,1.0439376867,-0.641463924933,-0.381061699773
0.0976712847911,1.71867267,-0.798815734949,0.0800223102535
-0.405110492333,1.21857145956,0.601093265376,0.472811365543
-0.826883130372,1.62302177067,0.687526525725,0.598002094976
0.423227179609,1.25390728761,0.211994606416,-0.178759684106
-0.395782686366,1.73007328124,0.700165451881,0.267172979532
0.870037840363,1.55049199696,-0.0232399978236,0.0276367801716
0.124970365565,1.83740371603,0.648652328211,-0.0729445228598
-0.546077356941,1.71676307858,0.801377175427,0.422377437093
-0.951048942827,1.90568243281,-0.400135049039,-0.287060829256
-0.030988529088,1.78671642901,-0.668683433508,-0.0194127823539
0.190391240192,1.7506894323,0.699968757091,-0.132977133326
0.483453491145,1.97034795557,-0.16059714646,0.0630446953125
0.786511996636,1.97146676504,0.561133421301,-0.369734304754
-0.451552878928,1.86840747618,-0.225071642255,-0.0835654266975
-0.391514808037,1.25146833022,0.197452163949,0.142499308475
0.513803613756,1.52502864574,0.491682348255,-0.343522282013
0.382558727261,1.50865250854,0.942932285763,-0.494381138444
0.669791042809,1.80709215648,-0.581486434994,0.383484845286
-0.0900896576475,1.27006983606,0.217849276407,0.0361744622866
0.88260009546,1.23390077091,-0.737137182618,1.40605421929
0.686165410246,1.08638250687,0.835654373605,-1.56488604624
-0.881224615886,1.75200308399,0.444745716834,0.352023892763
0.0658292704577,1.82442691793,-0.228052223693,0.0136204057725
-0.812081643976,1.3896940951,-0.694422825454,-0.810209246721
-0.858471450955,1.54021999312,0.0235918308143,0.0235871000857
-0.500135266107,1.51078945049,0.213880581289,0.133898992295
0.717021129943,1.20906328252,0.210895651442,-0.334299253547
-0.593723150943,1.80129035684,-0.268552447967,-0.139161238939
0.934390104822,1.83973920259,-0.0725861397826,0.0663122301153
0.177567995017,1.96889394238,-0.944718721969,0.132167535237
-0.825655055743,1.32648559102,0.361054618441,0.469497782663
-0.946113741808,1.90839654182,-0.467783686058,-0.33305233166
0.161638524084,1.19695363139,0.657491026372,-0.226192672749
0.81656247038,1.11605700239,0.717992218953,-1.53763189408
0.985554006943,1.40132278523,-0.143341913738,0.239419474213
-0.889484313245,1.88095928291,0.187857556869,0.130113426914
0.135771092427,1.85922236111,0.656094404911,-0.0783734728209
0.103896085171,1.1945637514,-0.0253811915938,0.00560208294221
-0.0280765640457,1.09027380903,0.722265314755,0.0510355938582
-0.537452148868,1.22079971669,-0.431452123093,-0.442964797003
0.0190046642709,1.2495916766,0.708687749646,-0.0259254487319
-0.432530209013,1.05630418552,-0.625564299354,-0.69733586688
-0.167501843691,1.57552821408,-0.799817282951,-0.15924470527
0.380656393228,1.90582511267,-0.712471711262,0.232868357324
0.744700424629,1.42097504177,-0.963274365961,1.15156771059
0.379292030281,1.96238660731,-0.124732223687,0.0383087042129
-0.761929682266,1.81176533317,-0.792767144171,-0.512965017862
0.452390413339,1.17138651531,0.141288727943,-0.146368314118
0.269073005858,1.97146934929,-0.110954903147,0.0236811948153
0.808768696887,1.00699893901,0.755516587516,-1.96678945314
-0.776877628443,1.94074339204,-0.616254460258,-0.353838236552
0.632589562553,1.65199066502,-0.664466238222,0.49326632631
-0.459865720698,1.0776908348,-0.786601364199,-0.893290055939
0.961585401848,1.10460376753,0.90429429288,-2.36544909879
-0.100646390316,1.62657777122,0.956269868646,0.108044110082
0.438726790074,1.45702363161,-0.720969534832,0.467501924949
-0.115181336678,1.81832620484,-0.0523162323587,-0.00540533432745
0.892196505405,1.82559506753,0.71605952186,-0.631405466366
0.709792029799,1.1734786147,-0.644179257007,1.07221854399
0.802053874715,1.9582153736,-0.45401267868,0.309728382073
-0.661442976722,1.95943710172,-0.413193409436,-0.200303439718
0.587101169027,1.87351843586,0.0412433489548,-0.0219861299009
0.0988902583128,1.95994651539,0.303353549942,-0.02366200453
-0.860808631701,1.53246904058,0.460427477962,0.466169141394
0.654003629091,1.09125966534,0.953704200591,-1.68125385753
0.850602031846,1.99799340246,0.555032850383,-0.38778029859
-0.104925622597,1.15459084415,-0.090751887442,-0.0212065067973
-0.989569261632,1.92015039185,0.817932800488,0.599285699993
0.351152488693,1.58955987511,0.878966799916,-0.379804626704
0.0863054320946,1.12588705042,0.871330129003,-0.179521692768
-0.658352858532,1.51199357169,-0.220147579902,-0.178444806385
0.421835416814,1.03920826215,-0.491516977125,0.601333419134
-0.16265632699,1.2018112126,0.206018779056,0.0684887567286
-0.305664749357,1.44998347745,0.519738053015,0.219962683479
0.685456988534,1.37532886508,-0.426874380518,0.498226571541
-0.0558309750033,1.07262961399,0.561161071429,0.0812393559212
-0.962595087981,1.96499750048,0.685546512534,0.467696848851
0.679383220698,1.4459477327,0.244750898893,-0.255982646868
0.695158531245,1.01516832566,-0.383930826557,0.83497409092
-0.64558018912,1.57783764934,-0.795227532118,-0.581124107308
-0.573627765254,1.10425117401,0.347595073578,0.463943692724
-0.348664227838,1.58325999596,-0.544662766404,-0.219617812248
-0.0251114030651,1.85566342261,0.210696189118,0.00459791874592
-0.603312259327,1.7165900995,-0.942993630066,-0.546257491565
0.676819715745,1.84591176346,-0.643450687579,0.411266720441
0.828907973621,1.0982236399,-0.803625324816,1.80666886044
-0.725158009373,1.72705882007,-0.436823599947,-0.297058537999
-0.0779936659332,1.89848340521,0.917176575447,0.0590807298093
0.261890413125,1.90585390577,-0.0809669808613,0.0179843576347
0.196059969706,1.49558820007,-0.577671582987,0.154941046162
0.411438491753,1.81635127847,0.911949817511,-0.355831153442
0.42468081629,1.9142246059,-0.386703631479,0.140418102525
0.0284979284781,1.2658755107,-0.560333150284,0.0299804594097
0.0507512212983,1.4792442925,0.31903000853,-0.0223115217894
0.797615351674,1.31232120057,0.0330034266672,-0.0498302562836
-0.679437146437,1.01772183316,0.518456809281,0.955380950293
-0.743285481,1.5508434544,-0.468084091907,-0.403950124964
-0.705610785489,1.83509486844,-0.328561387147,-0.192918775628
-0.937591090322,1.53327792861,-0.638530465094,-0.698478267742
-0.233279614678,1.06654564833,-0.567918592488,-0.341436852089
-0.520443400146,1.73045970568,-0.187077324661,-0.0927168961501
-0.582481998155,1.25887050244,0.570081827821,0.594006649883
-0.237512901937,1.10732950879,0.476004003547,0.270190986628
-0.191683908726,1.33981340929,0.389267079435,0.122354515702
-0.228759014454,1.91724727698,0.945075462905,0.172499068046
-0.803291259293,1.62508111295,0.322504797094,0.272410789168
0.111407101796,1.84404208639,0.0113232567691,-0.00112545810082
-0.604045027533,1.56747053962,0.803063557784,0.558560408984
-0.910406629773,1.5117784794,-0.717574377128,-0.785970660579
-0.143428194192,1.16339529811,0.29381915327,0.0920866174076
-0.592421135638,1.96378616894,-0.5552449827,-0.241575456463
-0.116204936456,1.52461124073,-0.564794370197,-0.08373371071
0.80881008275,1.30203878908,0.95161903345,-1.4818742316
0.0973030593549,1.79329714038,0.307553359223,-0.028190983337
-0.479591284767,1.01811365068,0.152910898078,0.202532214001
0.411901004563,1.53308147711,0.542754727888,-0.297614946954
0.5435281351,1.56821997492,-0.724499955881,0.507970568727
-0.4652764134,1.44786874293,-0.776979260937,-0.494347827562
-0.925748897089,1.00783213847,0.89005445213,2.22742665909
0.671501741492,1.53087020945,0.296830004708,-0.27351913767
-0.957213399604,1.61509305056,0.458532309486,0.460685719527
-0.123792990914,1.13077112022,0.940043190473,0.269694721172
0.370125390951,1.27828372828,0.275717989495,-0.19456292349
-0.898635578359,1.20468403225,0.348575803248,0.594132981371
-0.98469447998,1.5702619694,-0.185983772643,-0.202845605645
-0.363672478381,1.88994647572,0.17769853381,0.052372444598
-0.940569816323,1.2305356759,0.943602022654,1.60721062578
-0.756505711064,1.63771183931,-0.318125179394,-0.25025647378
-0.0317158590661,1.59004111181,-0.773785533867,-0.029028621363
-0.795911830158,1.21748894142,0.142409505409,0.21248868724
-0.837220735384,1.09819855233,0.597087911889,1.1474132391
-0.32681667767,1.90895336531,0.716688851197,0.186723512658
-0.819704845135,1.05723055447,-0.270956190795,-0.550963729178
0.940742407531,1.35773636589,0.36473621842,-0.616378324943
0.845642612525,1.6945697153,0.901795236145,-0.870300646621
0.10738766962,1.0657583111,-0.721819958181,0.20695509001
-0.392069069552,1.69996702543,-0.0935338597101,-0.0366327627673
0.926868613865,1.53091692379,-0.504955404153,0.660285875728
-0.294611820595,1.761757489,-0.678415309712,-0.187657028336
0.419604315506,1.48113407885,0.429315461487,-0.257137569649
0.793597214656,1.77205692556,0.784469663789,-0.646029326949
-0.540628288497,1.53401922761,-0.859663603826,-0.562108893569
-0.767230440607,1.26851137682,0.358698850503,0.476523501206
0.586172629332,1.20312858196,-0.679846773181,0.877339156134
0.301553904316,1.42381793011,-0.858092858576,0.394829347755
-0.775792133136,1.75384991938,0.370162420929,0.259911139635
0.315923213721,1.6881329143,0.672861952053,-0.231077289643
0.230857365264,1.3067116666,-0.398589423564,0.165491149447
-0.0163851951803,1.36991413197,-0.486033071859,-0.0127098664161
-0.594598572157,1.33490822713,0.909161327328,0.859011039963
-0.655110857427,1.64134835831,-0.932459244531,-0.638419888743
-0.240265204029,1.00745608493,-0.596947435231,-0.413985158641
-0.999090334187,1.10640201243,-0.613076734512,-1.36476590616
-0.32728903823,1.6965669291,0.30077637716,0.0993500550755
0.870537718141,1.72423092591,0.91931726803,-0.884582219921
0.366197237663,1.57125990301,-0.961543553967,0.444131394227
-0.00200153849045,1.26965819891,0.538096008007,0.00200393860127
0.804894650817,1.25966659653,0.494041170774,-0.817627523855
-0.787265313966,1.72792759486,-0.307058154872,-0.225164835585
0.130943781268,1.84582434218,0.621911151646,-0.0726571094192
-0.191775809746,1.80377928736,0.822621276744,0.142724445661
-0.84124504697,1.95003859006,0.713967917762,0.437075939102
-0.765415948591,1.92620309262,-0.624881735269,-0.35923746787
-0.684358743949,1.61396337388,0.385934174653,0.284696744445
0.473264202252,1.87064145636,-0.205413061006,0.0874838191191
-0.150303837807,1.35863173794,0.97602836079,0.234893613063
-0.684150154756,1.88651487746,0.345037762601,0.186242529412
0.15890139393,1.07551510527,0.398892466865,-0.167042962816
-0.725717027552,1.62276469253,-0.849899042108,-0.655116401782
0.717943846554,1.1338167677,0.156188109282,-0.281922512862
0.422988209358,1.25351573801,-0.392609661068,0.331070812545
-0.123439481663,1.00187407698,0.637159916285,0.232203852317
0.150486337171,1.36198587435,-0.408363253879,0.100903211337
0.200830164765,1.5342881061,0.596541687605,-0.155807326754
-0.403498876084,1.95279924802,0.35826645686,0.109313829756
0.222211975966,1.51058312818,-0.63216614675,0.188881783054
-0.141904449564,1.53445722067,-0.170985301393,-0.0304822458453
-0.623500214818,1.2690283003,0.00178727911135,0.00195406945522
0.233180822733,1.28068169332,-0.964779977837,0.421314898198
0.927480476901,1.4768426691,-0.105172738767,0.147887967493
0.941911507392,1.20789539397,-0.998492672796,2.13491717048
0.459220789273,1.4624905125,0.373720266114,-0.252301297724
-0.0622820381845,1.49406289788,0.608205521165,0.0505941357012
-0.439802789643,1.87147792378,0.186673296175,0.0673596340008
0.995896222613,1.39712852813,0.916561956515,-1.55805919544
0.585238179962,1.00924323323,0.997354387511,-1.82600674889
-0.360481818139,1.88674319881,0.62710325958,0.183881542622
-0.265949295159,1.76298484213,-0.689497598659,-0.17240767087
-0.895821232648,1.72695831879,0.328728664753,0.271867004226
-0.329379013454,1.14630089808,-0.10923181085,-0.0795233806258
0.561441693534,1.62368411872,-0.289662334731,0.196069117328
-0.943668458469,1.27940741972,0.654742355725,1.03473817767
-0.454092822515,1.00669546044,-0.205889343816,-0.264738552074
0.472102409715,1.30352186445,-0.625083607464,0.546841997413
0.662678567785,1.74447837885,-0.451302724624,0.315746571437
0.0596404805597,1.89636356507,-0.168147100463,0.00841601448543
0.449819114465,1.02173003138,0.895825840303,-1.21254769915
0.898025360271,1.96225687175,-0.279522628671,0.214871833398
0.441731051964,1.15970262498,0.300359986769,-0.309634064706
-0.683519231814,1.11404603345,0.655614028942,1.01391050309
0.389690462192,1.41372548514,-0.409052645483,0.248973248984
0.00582266276197,1.36986712005,-0.399775630332,0.0037235335725
-0.000807761000009,1.29944040923,0.339977431516,0.000487872578603
0.0728046561798,1.91730746364,0.0880627636238,-0.00527063118015
-0.810710797339,1.51547536613,-0.688487590897,-0.674421360164
-0.442152680007,1.11759114854,-0.843602627712,-0.857976701025
0.145209350483,1.85446433644,-0.762576188927,0.0980200012724
0.383197560246,1.35910999025,-0.37562099636,0.243082641185
-0.690982882027,1.62040169234,-0.0989659942436,-0.0730821852828
-0.437926563006,1.62027407957,0.438275179524,0.210125235844
-0.641824647381,1.01367641289,-0.079459570233,-0.139916546393
-0.615707120339,1.35899051231,0.342609768475,0.322785037061
-0.803880039171,1.17661366533,0.460293551409,0.742163960016
0.298080066061,1.34775952235,0.366318605806,-0.185879143222
-0.425225532181,1.1675328688,-0.216792452792,-0.19460816448
-0.449199459551,1.27644799188,-0.707474035136,-0.55999186387
0.843808032304,1.35055450162,0.918247374915,-1.39182773427
-0.0206658191686,1.13836480517,-0.878569204933,-0.0419459810932
0.0622961188554,1.02039875898,0.511225405796,-0.0923355154969
0.773244053884,1.1642522325,0.821834007693,-1.52432916867
-0.810077967576,1.35383637483,-0.502078599193,-0.615826824225
-0.632461042785,1.42525677691,0.710933288641,0.624545171404
0.576085743176,1.80997946834,-0.215308292079,0.120528711913
0.15113267128,1.02922594215,0.366702196503,-0.159362226527
0.745927341951,1.36154757343,0.300861403655,-0.392451246259
0.144097215155,1.29190805799,0.620965219146,-0.163186599543
0.311820643289,1.14388872471,-0.302851376133,0.223483745134
-0.314467221711,1.37812805173,-0.515590889479,-0.248299547118
0.949180711609,1.87178783312,0.591240059427,-0.530924635207
-0.646099828198,1.97697095085,0.719119767768,0.334989347844
-0.632456969546,1.42481377879,0.647772235704,0.569409515839
-0.829930215218,1.63905378588,-0.221630529952,-0.189662009271
0.658580377589,1.50301455293,0.116269779426,-0.108857319844
-0.254469770183,1.88741936099,-0.826783419144,-0.172782275876
-0.140494237844,1.94092958441,0.148237248834,0.0163552968677
-0.631558539178,1.80741145278,0.380237497026,0.207433461269
0.981734767232,1.69161598231,0.592019150813,-0.675654414056
0.458692831868,1.2844226721,0.675563773442,-0.59058954897
-0.0559329246841,1.22371208756,-0.874296659685,-0.097424174584
-0.332895488616,1.47637564532,0.583610570474,0.258783470154
-0.496870949897,1.70396500893,-0.692112783706,-0.338501446779
-0.237315025098,1.31730442605,0.033580740817,0.0134579339734
-0.0108707258451,1.83352281552,-0.522075698096,-0.00505904783198
0.16932449065,1.81457276136,-0.763616953379,0.119835214742
-0.261359931964,1.59353793113,0.231890179213,0.0697770953697
0.768074243597,1.16492545968,0.0990008244262,-0.182085218075
-0.332879569389,1.92963198369,0.425817019538,0.110525138025
-0.673842964181,1.55654849046,-0.124994881803,-0.097707086807
-0.941357419373,1.37245178583,0.317061985942,0.434464785538
-0.29083149271,1.83815416576,0.778862440818,0.195438047791
-0.834842429315,1.15716477575,0.677571069766,1.16968147666
-0.472407623855,1.7477553454,0.332754089083,0.147419093805
-0.562626455928,1.75169114612,-0.982387556638,-0.51160792861
0.78058749375,1.94993858804,-0.242114094002,0.161740134665
-0.959322750203,1.36762089542,-0.685624879525,-0.962625572981
0.500552416031,1.58515067203,-0.753796384423,0.474226061843
0.181809249086,1.96631810307,0.0609533740308,-0.00875781884968
0.822090733295,1.56076684143,-0.21683055286,0.239189254384
0.767386469482,1.63216432067,0.282945665922,-0.264841489417
0.0259633340496,1.6808404616,0.0964533922065,-0.00266609287093
0.952702893461,1.23593898214,-0.315150118554,0.651753392867
0.835270124907,1.09328962286,0.864221776741,-1.9768935648
0.841088598454,1.87306823819,0.969159108876,-0.76103919701
0.243740029496,1.10436775477,-0.706344602329,0.434064176967
-0.29605423669,1.05520296949,0.383867912884,0.297393529732
0.241671153358,1.97985072516,-0.812852980113,0.154069874363
-0.598541776615,1.83714369639,-0.241900137265,-0.121428175026
0.686102075423,1.73966525622,0.726687476058,-0.53063367692
0.705886900785,1.61464063832,0.2462411116,-0.21520741435
0.116739713748,1.30211266376,0.330228918488,-0.0690172455073
-0.783834062716,1.32475654664,0.214829366248,0.266927727587
-0.283971322566,1.5484637818,-0.327870359449,-0.113275225446
0.821719916662,1.88222220554,-0.735130698797,0.557322447175
0.851546282481,1.39706549432,-0.361834953961,0.517676919409
-0.649708711941,1.14364362532,-0.274327838411,-0.383875743038
0.902102072531,1.40170767172,0.312677501157,-0.473388395131
0.975635250434,1.31985971094,-0.833299893874,1.55145034344
-0.363134603659,1.23603903323,-0.575855372454,-0.396229496596
0.375621119799,1.52304273722,-0.726916568927,0.366909481234
0.532626258031,1.12126867021,-0.433261525981,0.581627665182
0.776850115602,1.10402368556,-0.718325829459,1.48916878589
-0.0899295993724,1.35300771737,-0.868245376334,-0.126817068281
-0.705522036451,1.13314429568,0.561185925138,0.864092676864
-0.94462432891,1.09767035618,-0.862107406207,-1.8526655537
0.219039016517,1.03968694146,0.679340572463,-0.422224649091
-0.169033715626,1.90942569374,0.0857695970383,0.0117312084212
-0.826948178664,1.29986573007,-0.0188864003326,-0.0256121298285
-0.243168947669,1.19306131426,-0.270286687951,-0.13523657502
0.160489728467,1.59202586761,0.0421156899485,-0.00813090137777
0.499499177946,1.88829465161,0.995562227789,-0.44039098221
0.714186669991,1.71492069758,0.851965428588,-0.668416149204
-0.907124229113,1.51941934838,-0.712058583838,-0.769552376026
0.336508075354,1.99680663603,0.946383250712,-0.247957746181
0.834864454431,1.99133717538,-0.294937326716,0.203253704505
0.784572512154,1.33509673346,0.995022295502,-1.42575926465
-0.136759516355,1.87883830505,0.91027896469,0.104369922926
0.626904083483,1.9442701285,-0.119574143565,0.0634692495904
0.765431782175,1.98981026406,-0.499416626495,0.313653988879
0.0285830198668,1.03700541134,0.592640819229,-0.0473916690275
-0.767953892103,1.65284858513,0.335554946346,0.262797190273
0.820392447033,1.54802618002,-0.205133011608,0.229507957104
-0.398375451223,1.55130959429,-0.404270986703,-0.193074067655
-0.120463731742,1.47113008075,-0.469601719879,-0.077482688563
-0.864238504032,1.43560234409,0.495142239199,0.573346589737
0.87254091905,1.86673297617,-0.602396488661,0.495764238225
0.738813687726,1.23649758751,0.388491948015,-0.608114055599
-0.0278786474629,1.25867382568,-0.798378451227,-0.0420306677211
0.616305311641,1.85119977709,0.938797619325,-0.539769943239
0.552475378954,1.51229533371,-0.293409330781,0.225069604299
-0.14163827625,1.09183729494,0.831937898085,0.292394251383
-0.706801221423,1.67897181025,-0.483017091227,-0.339339562522
-0.125099581571,1.64302043814,-0.264029443175,-0.0362530238482
-0.121117657648,1.69832358847,0.24968779524,0.0310782585605
-0.573128529851,1.10524935058,-0.350171200215,-0.466154261494
0.0996705533492,1.75774608254,0.762304331213,-0.074516867067
-0.198930790238,1.32567370653,0.596344214298,0.198560264596
0.927494347793,1.66268246752,0.127085455834,-0.140988112162
0.735198318556,1.72079055521,-0.976945251982,0.785423391956
0.515333212108,1.4328940514,0.4373774131,-0.347228609806
0.662429768367,1.65548088824,-0.733976497812,0.569981848011
-0.998201708611,1.14470810618,-0.833221942321,-1.7313667184
-0.825898637725,1.20470470192,-0.952070968037,-1.50138530013
0.504381381287,1.39308047861,0.0311721086608,-0.0255959236834
0.644719301616,1.73623638607,0.334815963382,-0.22962731812
0.843270083769,1.5925766608,0.855677328382,-0.932087910565
0.330932258106,1.05091663429,-0.356051034234,0.331017895766
-0.623606915707,1.19438302291,0.251094839553,0.309963623018
-0.712254391747,1.30860378691,-0.149289316377,-0.173895321033
0.250393916895,1.93182357203,-0.453198913901,0.0935646716549
-0.25165208818,1.71753717541,-0.31827857628,-0.0794553324131
0.791180852724,1.58474305081,-0.478834436247,0.491428956734
-0.26143359063,1.17183424389,0.799070183203,0.444761472192
0.692220968024,1.51596325822,0.313447531503,-0.30430384741
-0.36280240844,1.05575570129,-0.211959659825,-0.199728730626
-0.342737601807,1.53040176223,0.904067406024,0.383740290088
0.845683603379,1.82930654175,0.256701345279,-0.212597628691
-0.508724796302,1.80858854723,-0.1162592619,-0.051618116219
0.996214980747,1.11179939623,-0.000617450358957,0.00165805291217
0.85658380962,1.82806206315,0.317968915715,-0.267414788964
-0.788611533543,1.43670792103,0.259037251897,0.27519724072
0.207247007469,1.41930354671,0.695999872205,-0.219362964502
0.79691350566,1.41785844689,0.705102683928,-0.911140929668
-0.0233250234277,1.68830553072,0.819613735716,0.0200742196429
-0.809015328863,1.49265966428,0.896618713027,0.903603858631
0.728892662891,1.53091538577,-0.511543001004,0.514793429958
0.867855779184,1.04724429845,-0.206509162959,0.536833204504
0.689185679133,1.15133799355,-0.955027204362,1.59985234923
-0.128051198934,1.11631693511,-0.487936907639,-0.148514090051
0.233603637377,1.06919270317,-0.350901112454,0.22026184985
-0.0952660761517,1.31895946848,0.671147669286,0.109218686443
-0.476127281109,1.83367165021,-0.952190494024,-0.386121740482
-0.291059347625,1.58546770192,0.130182240359,0.0439419844627
0.478557746853,1.96233905888,0.768845034977,-0.301053434088
-0.251517091285,1.98737539394,-0.0995438740894,-0.0185504879807
-0.544683714,1.10715027116,-0.612234336841,-0.77399227968
0.316656053317,1.34311990468,0.757570375151,-0.411980920795
-0.77022765103,1.90665257952,-0.870746560082,-0.513882838143
-0.255980966926,1.81615672821,-0.732333793835,-0.166247127889
0.311525017151,1.26541659554,0.947236303217,-0.570624013094
-0.913618493121,1.14482705664,0.268184367281,0.513891054045
-0.992303672689,1.22098112884,0.402439599056,0.731071645415
-0.0386383369274,1.68793944666,-0.843041960534,-0.0341664878515
0.802755869982,1.74581332795,-0.856980766927,0.736245233355
0.600152397598,1.95974533189,-0.477957260371,0.238370097141
-0.880059605947,1.85058220001,0.0965780819464,0.0684327326667
-0.147872798336,1.96969826913,0.246522955315,0.0277774574056
0.706223091183,1.92054229832,-0.552277132652,0.341334536776
0.368356156464,1.75777988262,0.346148224392,-0.128535147767
-0.0706370763706,1.80712356459,0.511790311454,0.0329771703143
0.675221986049,1.39668160877,-0.0982117448554,0.10936992792
-0.812475881205,1.60939881867,-0.829327691472,-0.721780909227
-0.550596860476,1.40609309561,-0.165246283421,-0.130852343658
0.492520017233,1.91551072408,-0.527573360011,0.223456711457
-0.284178466178,1.13724263571,0.943495382948,0.604750629196
-0.860519082753,1.39011028282,-0.917281752488,-1.12832814087
0.964468273649,1.20263262988,-0.756155358135,1.67417384785
0.597087788828,1.6021413768,-0.621249142495,0.461063976708
-0.266068004019,1.23700329709,0.245784593872,0.124888575623
0.366145757552,1.34051809847,0.80033973543,-0.507813457207
0.0705174894352,1.32213036201,0.028104782942,-0.00342549359503
-0.545629791957,1.36371343403,0.528490544708,0.441100746612
-0.908835994554,1.09436247475,0.860668009662,1.79614600376
-0.100196512641,1.12960534772,0.698380876228,0.162885676641
0.767380173394,1.67476054093,-0.551133865602,0.489957640162
-0.26483243057,1.74470748874,-0.39907816701,-0.101473648435
-0.16734561801,1.1826129299,0.831635557345,0.293613362357
-0.536138184873,1.04435638797,-0.925658835814,-1.29559729466
-0.41831655274,1.24514361401,0.347212511191,0.269764768821
-0.711219689549,1.90399257512,-0.356489127114,-0.195885318282
-0.176415336486,1.05282222517,-0.344345774129,-0.161565056639
0.212672626842,1.33097286273,-0.959914163593,0.353234190303
-0.920797827687,1.21749641961,0.49660108871,0.847429260332
0.789530443079,1.31282845157,0.04040221818,-0.06028338255
-0.0762672063818,1.61068420787,-0.669772813566,-0.0586227424957
-0.167928176256,1.46083363296,-0.134274783635,-0.0311749165316
0.305854593192,1.725616983,0.284025388071,-0.0902807340001
0.701416779755,1.73708256525,-0.669172044168,0.501854115646
0.843142033017,1.21320620409,-0.391067582639,0.733935828687
0.832677405422,1.99623360695,0.182887548487,-0.125059570761
-0.10629914862,1.82592062334,-0.719361081187,-0.0680835263512
-0.28278841131,1.49256852524,-0.851589064748,-0.315379515116
-0.378510167887,1.65983248079,-0.351325524057,-0.139522733057
0.196774422549,1.85769360016,0.499295249629,-0.0871224679776
-0.68919586255,1.95080478841,0.594971917303,0.302404133417
0.949231084109,1.38595589894,-0.554159452086,0.907702752182
-0.0992765288816,1.1354729399,-0.69145295576,-0.158156350465
0.575140140305,1.84809384861,0.909239356017,-0.487360374275
0.817107058404,1.84087367803,0.703337267888,-0.554033913847
0.671198461011,1.35733250156,-0.818290412124,0.95869688973
-0.313569009337,1.93184996506,-0.737609832759,-0.180270771957
0.909465803335,1.41578446779,-0.65536984945,0.981319421998
0.223109271346,1.28278501211,-0.524386613134,0.218163430167
-0.286544066765,1.24657920864,-0.628527505631,-0.338008571707
0.962770926946,1.12452244667,0.929666873309,-2.34963298112
0.435131957187,1.6078797245,0.548877617748,-0.289755478379
0.457240212545,1.44053534983,-0.461803747404,0.319890463743
-0.661375013989,1.94618728005,-0.64651609929,-0.317662466001
0.185804058013,1.86898214985,-0.236151994739,0.0383975077141
0.17650655031,1.82378772481,-0.531073486873,0.0860641265724
0.951687424004,1.91850811761,-0.678513156779,0.581673101705
-0.826474321424,1.79078061249,0.93156963447,0.665264156731
-0.530361281186,1.30837455785,0.751342214259,0.663167758727
-0.859105326109,1.55870925368,-0.203697503848,-0.198989014134
-0.0814440448576,1.96093648266,0.340800334214,0.0214798282324
-0.178391182159,1.50688223972,-0.6600517406,-0.152839233989
-0.676691281749,1.79673648552,-0.310562040937,-0.182917286014
0.355244421779,1.59225852682,0.626481800842,-0.273047741485
0.554546517333,1.07108321763,0.687964510489,-1.05622399488
-0.869477819231,1.11335825702,-0.19022621484,-0.368274441151
-0.869981108158,1.57931049999,-0.164730187002,-0.158577086078
0.629789049628,1.71465828271,-0.23343658229,0.16009609703
-0.222847740892,1.37054425736,0.404792429542,0.14093012958
-0.0492994045548,1.64240580214,0.548150764841,0.0299065438147
-0.120747684312,1.16534451895,0.670569706718,0.176735064178
-0.609972534083,1.6039783569,-0.0552083835353,-0.0370105295242
-0.434974383413,1.20663306939,-0.392696411,-0.337287334756
-0.282556161352,1.02694527821,0.79404448694,0.620690611481
0.471258172791,1.44364487622,-0.457117316172,0.325425450765
-0.83255525139,1.52446470609,0.19394438311,0.192418074498
-0.183761868743,1.53687045328,-0.415484543778,-0.0952245146778
-0.608020902218,1.76537812325,0.650681773826,0.359003397305
0.556222976578,1.8338647225,-0.616044706658,0.323669735561
-0.424891037023,1.53968957461,0.0838338295406,0.043239460559
0.687260123182,1.43452260098,0.928023797973,-0.998410756443
0.718094546005,1.91640943398,0.187957464264,-0.118781476575
0.392864754753,1.47448296598,0.621685430535,-0.350801618854
0.963791199753,1.90827786516,-0.996270806237,0.875411267953
0.722461718288,1.71296305272,-0.823618622163,0.655742761925
0.00937604081976,1.01837551489,-0.628137688754,0.0170524618205
0.684694184314,1.09686383291,-0.345361596309,0.632979123168
-0.964143214429,1.59423974365,0.321265602379,0.333461016136
-0.357510465929,1.91599034432,0.955520348124,0.269530515352
-0.72014572817,1.51736307137,-0.287097437111,-0.251299283012
-0.573926862569,1.94979102702,0.504882881565,0.21624995008
0.373475626358,1.13724336236,0.231171619676,-0.208037534727
-0.675567065609,1.69798148268,-0.254739285233,-0.167736971361
-0.69983608801,1.90835600203,0.214147230853,0.115380956866
-0.595872224694,1.14369695452,0.922119607872,1.18933174778
0.430550398681,1.91227603191,0.566887976514,-0.209244655142
0.908742183507,1.99763383033,-0.38261076907,0.287516908558
0.511271475671,1.2897350511,0.301692528515,-0.293175953437
-0.677355390007,1.95604875127,0.23913823507,0.118949827859
-0.101251403918,1.34594787792,0.804029314202,0.133463505345
-0.473924822459,1.1896473552,-0.818445136866,-0.785008472499
-0.549788482684,1.95346370646,-0.980294800961,-0.401623526994
-0.21983205858,1.38749874145,0.308287716475,0.103337879974
-0.729238960635,1.70849261439,0.980700124255,0.685065692574
0.354714886274,1.54184955284,-0.0890818250672,0.041341926205
-0.148571608799,1.30347212144,0.237138757309,0.0612986917985
0.820233289798,1.40806764384,0.330866564877,-0.447334966357
-0.163776327971,1.40463331949,0.145677222514,0.0356929961808
0.660939117295,1.48072267309,-0.282971541108,0.274015299029
0.179994665006,1.39889089224,-0.460153429519,0.129301672313
0.593269669746,1.63525577331,-0.909829717874,0.643759191361
0.436522011819,1.77420860128,0.635235178371,-0.276335524899
0.591963207902,1.89653787347,0.847915873524,-0.444986349218
0.613243487134,1.83680310971,-0.429368817868,0.249427271538
0.0900039966814,1.76900211594,-0.649992809378,0.0565928307668
-0.342447066712,1.87583934805,0.743886578873,0.209993977084
-0.226117396725,1.88133348,-0.233380993248,-0.0437399591158
-0.821614965587,1.63171376914,-0.500497469682,-0.428165280542
0.724760076919,1.63860352249,0.652952796722,-0.570065006911
0.903900991805,1.04586998329,-0.953177324961,2.59779719503
0.405997715315,1.44685294314,-0.617460074457,0.374459733327
0.270905496319,1.70567945979,0.695347060309,-0.199651893269
0.791477531165,1.30016796031,-0.783161552839,1.19459951084
-0.835600386177,1.4592597653,-0.841020180558,-0.91370943012
-0.0341022581369,1.76256176805,-0.019344204254,-0.000634874739546
-0.203091252272,1.84889937788,-0.00957733482625,-0.00167301108875
-0.101600223612,1.04550875783,-0.693959873242,-0.191559965555
0.492299120873,1.34007825659,-0.55561541932,0.480605540845
0.582694123329,1.4047855528,0.199856769215,-0.187989682482
0.677702249742,1.67753209524,0.64046973872,-0.496356999761
0.591943259771,1.83659269164,0.271322388158,-0.151831308193
-0.927995256179,1.93447484628,0.486812145341,0.331407050695
0.70983989761,1.69270091405,-0.435138093579,0.348116901508
0.496882026187,1.95342562905,-0.921488997584,0.378795501365
0.516526177589,1.31075119627,0.710616353804,-0.675835209658
0.431749946023,1.08328891834,-0.44631528415,0.514842260817
0.227046085195,1.20492111253,-0.699925311247,0.336003570819
-0.174323519459,1.06146978424,0.300223381217,0.136962267288
-0.713881336189,1.97890317798,-0.153939476773,-0.0785780712971
0.989646717889,1.31506890794,0.706674791123,-1.34642511344
-0.736229719208,1.69059314125,0.342996088336,0.246884466421
-0.53535763639,1.03245973135,-0.65190766005,-0.932300278104
-0.206473908261,1.6313432132,-0.0427632023445,-0.00975192253053
0.940661176869,1.45791577744,-0.843261261064,1.23582008674
-0.425499504443,1.97540975061,0.789004148698,0.247564484974
0.0533423386852,1.50035218988,-0.0314842166859,0.00225020764608
0.857149661408,1.62354670277,0.696325661878,-0.74298343386
-0.402013528611,1.92892557172,-0.573868729744,-0.17882413302
0.502712568644,1.47073703285,0.132615694916,-0.0973567988487
-0.220643226387,1.56153870331,-0.744137083779,-0.19764283183
-0.386085612319,1.82340654529,0.710285971849,0.238242475424
-0.162521731595,1.28856647789,0.692941535549,0.200223083098
-0.111972073688,1.41512759265,-0.0679798453584,-0.0112767535358
0.588781781849,1.46443942533,-0.27844831407,0.243686540614
0.651285094128,1.69035545174,-0.654080896759,0.478427203047
0.197063116943,1.10344974,-0.570032859776,0.282335295697
-0.306442271827,1.78895513406,-0.972390538505,-0.271021022697
0.339149848401,1.60952805655,0.4344339435,-0.176613616494
-0.0962946106844,1.69547455494,0.716692608503,0.0713364665784
0.38057741789,1.56446219336,-0.874265137785,0.423963317672
0.712856484778,1.98632928894,-0.216704149332,0.126475363645
0.69296403949,1.01524170396,-0.835766485416,1.81120085234
0.785259144539,1.81710512787,-0.633371566695,0.490399011783
-0.839745738546,1.8329181089,-0.0980649278721,-0.0678387063031
-0.93607930444,1.80173341735,-0.00289201843828,-0.00228766399878
0.807886732512,1.17210426729,0.821261235263,-1.57617775292
0.300580875951,1.45851992755,0.0311641577375,-0.0136196997571
-0.329374315099,1.38578989942,0.083999189802,0.0418424670295
0.217172313029,1.62338677882,0.911693972453,-0.2303914626
-0.368380100072,1.55119425543,0.775663971709,0.343595724089
-0.318062777063,1.34504862037,-0.86892565973,-0.444163218019
0.040411052916,1.93539271499,-0.14076435954,0.00457440392924
0.750504303284,1.38441239174,-0.0521220998137,0.0661983758678
-0.0208140563978,1.94335471245,-0.295894893611,-0.00488211823541
0.734173907917,1.07278067615,-0.933405056162,1.92789918994
0.377284230593,1.3756514618,-0.0620446695329,0.0385638067389
0.315576885257,1.85056498716,0.675707281448,-0.19288684138
0.594204955338,1.2936389334,-0.0047533556536,0.00538314611089
0.795734982345,1.76080816428,-0.0818603013973,0.0684778070387
-0.47579227048,1.41743301671,-0.23798417185,-0.161396734359
-0.362111718638,1.60739480625,0.843869243163,0.342409338709
0.764756955338,1.70058540045,-0.481689585691,0.413777360675
0.116807062524,1.10898751495,-0.0199571165479,0.00575357214699
-0.414864014189,1.51413853301,0.200364467998,0.104439046948
0.41686419076,1.57878782658,0.160614768743,-0.0840903462359
-0.493028224412,1.11777520369,-0.760652355879,-0.858162372185
-0.157752986337,1.7123673003,-0.661355771968,-0.105085426937
-0.86603466181,1.53228633727,-0.264530247801,-0.269389660791
0.179532347117,1.84147356508,0.826814719946,-0.133723894471
-0.929266318404,1.35335969654,0.69620283987,0.969571307375
0.673708526694,1.83307091518,0.0661122371974,-0.0426390612686
0.777812862478,1.32527152932,-0.953299987154,1.37335336362
0.499149681701,1.44455039717,0.187928774847,-0.141944138619
0.387558962787,1.06770464256,-0.0797935556055,0.0846624644545
0.00658551232333,1.01539403756,0.768258597156,-0.0147310984517
-0.0287543424444,1.74728559071,0.245378654456,0.0069133205107
0.000369367423014,1.59031803594,-0.541612386261,0.000237310254441
-0.66556786813,1.69794620783,0.920394732154,0.597662335967
-0.660058955627,1.84194143018,0.187218002421,0.102503890752
0.473644749513,1.08696263684,0.268910636642,-0.339489196385
0.894517672806,1.96441339367,0.0468901401807,-0.0358115387492
0.0457525487539,1.81522109934,-0.216825783454,0.00907360725044
-0.379429357896,1.84214865365,-0.802123259972,-0.259221173478
-0.436567843434,1.62101656772,-0.199199022572,-0.0951322116517
-0.161840204707,1.85766249393,-0.768133379483,-0.106350203382
-0.832496161415,1.12511516336,-0.391752648679,-0.713498289806
0.739261525779,1.64824513703,-0.261511713648,0.230526724575
-0.010371886111,1.39732319598,0.195187768387,0.00310733190233
-0.902500740215,1.59308279843,0.198822798435,0.1945504243
0.377457456645,1.35269654016,-0.386192174708,0.248371714482
0.482164128189,1.80646352121,0.0247080233131,-0.0115068791081
0.908431821734,1.05024446233,0.987231408034,-2.68295233285
-0.218930218094,1.11328699984,0.22249570709,0.115379563455
-0.269988335403,1.21899519369,0.474854715742,0.252030484574
0.72953888064,1.24442070984,0.849763891396,-1.29548435661
-0.170952253914,1.08108173683,0.345140017051,0.14890618089
-0.474701767565,1.37654096312,-0.593803353307,-0.426054153317
0.368936249896,1.74306855723,0.830543076001,-0.314146011752
0.0857314575101,1.44252722774,0.78596187604,-0.0979837881795
0.497956697739,1.55682044819,-0.499679355023,0.324123245944
-0.554222392705,1.66117182682,0.444633173795,0.253835190616
0.95049944933,1.2020595241,0.318970564352,-0.695580138539
-0.105067888342,1.69184575101,-0.0118507624259,-0.00129144758614
-0.799423431687,1.17745277162,0.909961541112,1.45758403764
0.774201446809,1.25518198268,-0.353557860081,0.564960870326
-0.269449916381,1.00947866584,0.256036301127,0.197769529796
0.398730606283,1.42070955717,0.799665781651,-0.493594237746
-0.939703005978,1.7195618791,-0.720920887206,-0.628287370898
-0.398833465084,1.03184324292,-0.715522866352,-0.773257768032
0.380688871474,1.49536903039,0.452904248357,-0.240467891173
-0.185725718977,1.40593885408,0.350018183137,0.0968632564587
0.725339667652,1.53153406251,-0.725096157103,0.725282090024
0.773363156533,1.04307529863,-0.341450756256,0.789147277944
0.0178455358723,1.81975088425,0.422788710265,-0.00684740579653
0.190235945111,1.7535595011,0.971915160242,-0.183883438484
0.0577832767148,1.06964823519,0.597601556841,-0.0910688719199
-0.17297037441,1.44663135966,0.285699555012,0.069636833314
0.594305660261,1.16845623235,-0.422474112399,0.586564079163
0.378332105072,1.56608168043,0.596131311537,-0.286719482356
0.571938190727,1.39511986571,0.975577277635,-0.912192635448
-0.428405333809,1.62254686756,0.853409110113,0.399503873898
-0.0845834909617,1.93326562569,-0.150594730576,-0.0101385445091
0.590097842645,1.54270498213,0.828802560539,-0.655157163372
0.738544162079,1.21467149809,0.0976470291402,-0.158328762269
0.313359713325,1.35525466073,-0.331531809773,0.175176009459
0.663871603245,1.89278266963,-0.375067251387,0.223329542012
0.788661228211,1.26861062869,-0.44198028626,0.70539958207
0.997577616035,1.83930451135,0.682964186484,-0.671118519331
-0.286758602837,1.77256393339,-0.939585793512,-0.250087385793
-0.103413468608,1.70967303785,0.908053906246,0.0953928312999
0.421865798645,1.82570292912,-0.9617790365,0.381267456217
-0.482953751032,1.64604516661,-0.266796159103,-0.136094071129
0.327780342295,1.68991300361,0.0697481815692,-0.0248303134584
0.681457686476,1.15282017439,0.450592756716,-0.743829224913
-0.0434710568356,1.83386453014,-0.938236046933,-0.0362255705341
0.490539403531,1.22376049126,-0.230278936706,0.237958175061
-0.964485179247,1.3735046377,0.992961918573,1.38899569916
-0.706937250139,1.30906925493,-0.80225558462,-0.927308768417
0.669673850666,1.9563392634,-0.516801588428,0.290752372996
0.339288601719,1.24031897803,-0.209722207388,0.143634596521
-0.149964873247,1.07376547317,-0.677621323519,-0.260504034623
-0.683950975011,1.43096213156,0.739532272451,0.693609751531
0.313676638949,1.32901092784,-0.637720092996,0.350765979023
0.364672164992,1.15089653876,-0.12830726225,0.109985654802
-0.374453064854,1.16079197737,0.235410361411,0.189177818186
0.582711339173,1.66569595905,-0.250460372921,0.16757005023
0.948215378979,1.79500502985,0.535307546451,-0.522114871974
-0.991795004617,1.97997280926,-0.0606961303718,-0.0419099461227
-0.736580765453,1.71592025532,-0.828751959171,-0.579303296096
-0.533050231095,1.3057216629,-0.200729986685,-0.178750091298
0.595103134062,1.92048507074,0.196437483101,-0.101102511676
-0.283762248663,1.73934452115,0.551151034775,0.150807605465
-0.422802590009,1.62115190089,-0.445700729829,-0.206381282559
0.195894553173,1.40563020659,-0.733606694327,0.222564946315
0.625047853928,1.20132294357,-0.243342301805,0.337258987751
0.347114333232,1.10505901068,-0.239857625531,0.211894278098
0.309673789437,1.82702836637,-0.879267237417,0.252532696865
-0.793034161917,1.51997822547,0.896748223765,0.855589391766
0.565105424004,1.74118016867,0.742305875802,-0.43995590675
-0.422970884979,1.59379185369,-0.193718069049,-0.0928425649269
0.328115157358,1.06683427917,-0.98452550131,0.880378599352
-0.945215023049,1.53731525444,0.115153219767,0.126234418812
-0.521667752175,1.68526408639,0.175604678868,0.091966744483
-0.851754613985,1.06260739626,0.79680279688,1.66165540955
0.057366337566,1.4221290131,-0.692185231923,0.0592408493835
-0.132808102085,1.44190163138,0.753931952371,0.142586001473
-0.435696394955,1.07845389056,-0.646697489007,-0.696436937599
-0.0829748361934,1.55058463941,-0.0773147680762,-0.00793871987552
0.137753678828,1.7619929114,0.602127294674,-0.0812696923804
0.481454799197,1.89448539875,-0.637042053376,0.269334369006
-0.415032681981,1.6463556034,-0.364629295874,-0.160822637754
-0.682557984988,1.18477224831,-0.216918871561,-0.29621915472
0.238760053615,1.32700330624,-0.384974912236,0.160422896244
-0.0423188429813,1.8701040526,0.978267826581,0.0353628502472
0.206735862318,1.03665253723,0.794140137076,-0.467994040771
-0.0340512377441,1.98633454517,-0.167627148394,-0.00432531168965
-0.320078992668,1.73326441938,0.215801936505,0.0668376387353
-0.986746471,1.14748285204,0.388477358142,0.794933934925
-0.956777597615,1.15670212183,-0.71286152426,-1.39576247053
-0.119079059519,1.30916536117,0.11709191043,0.0241186803446
-0.747988677812,1.26111209962,0.50204943441,0.659064888991
0.244348434105,1.9236231061,-0.592921442271,0.120401450932
-0.806320033123,1.74461229638,-0.517010612035,-0.380235339908
0.942760015547,1.72771564459,-0.473926339984,0.495784390909
0.933873579466,1.10327205787,0.595076818189,-1.51075961464
0.942943803958,1.69376636661,-0.0427553202629,0.0465482285292
0.607623458918,1.54856076426,0.589072101339,-0.476751693367
-0.643893082962,1.03548607223,-0.874331155662,-1.47986446384
-0.0886728001137,1.52498939498,0.331166118731,0.0375482664982
0.575179553179,1.56207373154,0.905032497249,-0.679067153422
-0.595124146914,1.00214311556,-0.932157971898,-1.56405780621
-0.127126585913,1.33431511844,0.287884442721,0.0608937587879
-0.155025839265,1.77314348016,-0.771030269226,-0.112312470942
0.583659322577,1.2843849007,-0.900915263558,1.01552841825
-0.0859524299441,1.6605664776,0.654198232171,0.0606539838958
0.986531266962,1.27256260664,0.24440112795,-0.495547218809
0.243440293266,1.67377312813,0.751088918412,-0.200685124773
-0.135765607484,1.57926646624,0.223977781851,0.0360868168053
-0.87641895477,1.06807300789,-0.715802244549,-1.5168347326
-0.705558245875,1.03096839061,-0.465436227183,-0.865793440756
0.61446966168,1.86695906263,-0.638597055137,0.359848919739
-0.845592335699,1.8005585738,0.00759281533377,0.00547794094623
-0.892084402017,1.70946636323,0.819114538993,0.688715278863
-0.619994253383,1.59712828887,-0.0235287345951,-0.0161548750667
-0.0901613680096,1.22394606699,-0.914504490991,-0.163645819724
0.292832036183,1.88891547445,-0.785708008117,0.199289046097
-0.528814524717,1.31557254461,-0.626859484241,-0.545739957792
-0.134803505806,1.34747079565,-0.511322988444,-0.112373447455
-0.232170869059,1.05650306419,0.46932568898,0.28621606215
-0.0217618335494,1.91326297992,-0.594356547391,-0.0105771917084
0.865411004074,1.15194559523,-0.344966900906,0.738870192665
0.721381100009,1.96635567251,-0.115363020006,0.0695897286378
-0.834862775422,1.08100247616,0.36065324799,0.713426779116
-0.821069795862,1.44939405059,-0.651478709235,-0.705924754427
-0.129848534606,1.10898173782,-0.824003677034,-0.257653304391
0.625583996143,1.99183298765,-0.95149147943,0.480133186159
0.16297575642,1.69898929254,0.665109709716,-0.114522949005
-0.83325970467,1.23748637871,0.694533394516,1.04653741223
-0.391330536657,1.01056009231,-0.0664755135328,-0.0735412906396
0.324589938846,1.74581363979,-0.199623664508,0.0659178733651
-0.905309398149,1.33298874005,0.852765357566,1.19524484595
-0.173298038504,1.85883227282,0.410284984336,0.0606817851977
-0.652287510614,1.8960603247,0.971765058374,0.496563068319
-0.794271037248,1.7099944157,-0.665783361926,-0.502620521068
-0.575491059579,1.04304988432,-0.745805511391,-1.11911501676
0.76340196923,1.93115845188,-0.766041774472,0.509306386373
-0.888027628292,1.57833054875,-0.769825182257,-0.756126931504
0.0649092275034,1.68293421589,-0.825726734113,0.0571423268771
-0.754027236853,1.49950064652,-0.200196055911,-0.187283431772
0.833194279898,1.03407557299,-0.749116386603,1.91026775946
-0.396346268023,1.32536837434,-0.687004999023,-0.447303176756
0.952903514884,1.06567101785,-0.384132101918,1.06879707034
0.00594159659334,1.08280781273,0.582544614266,-0.00886153513491
-0.337901449985,1.43410936932,-0.700580584199,-0.33402000118
-0.992012603521,1.65037831749,-0.629298671031,-0.625534148132
0.302969974667,1.52686333086,-0.079730591147,0.0320558102486
0.818892037276,1.1322731748,0.792655727437,-1.65437886694
0.907760362957,1.36681275743,0.462416839191,-0.741373724765
-0.591289086698,1.57226368284,-0.589594726942,-0.399461676938
0.060939846407,1.53631438781,0.996037369988,-0.0776234119327
-0.853520609556,1.30243158562,-0.547668857482,-0.761680501364
-0.164600941917,1.48911467148,0.379072758982,0.0830480670853
0.809681925566,1.59486742467,-0.712478053273,0.740333621438
-0.407354123504,1.37757624866,0.941306934363,0.58244242949
0.934153007652,1.82776637305,0.979355859355,-0.906212495258
-0.911870299713,1.13851937648,0.488218537922,0.944253369716
-0.950743990865,1.77732571396,0.362004716974,0.29848423562
0.166525825496,1.61344464566,-0.420701911357,0.0821036024884
-0.133080843854,1.30330927211,-0.311958243578,-0.0723597053484
-0.164505985111,1.30892406079,0.648227056334,0.183702443908
-0.779207294847,1.99906627363,0.986804146569,0.535505606198
0.888586028526,1.13436639429,0.554845408752,-1.26153774424
-0.929969359104,1.20742448735,0.857255184192,1.50093232588
-0.533815322252,1.64425599067,-0.409695724509,-0.230382324583
-0.708377904123,1.56557597714,0.57770170466,0.467754444995
-0.0287100941651,1.64994895813,0.472315957293,0.0149005532703
0.691546393185,1.68184955089,0.69774264037,-0.549776299684
0.851479318913,1.08120902597,-0.686043034817,1.63861346389
-0.653332238879,1.54097186494,-0.891136531605,-0.69043802457
-0.0393267693601,1.87152100172,0.69281253725,0.0232450916973
-0.914660920873,1.97011455793,-0.770157543056,-0.498847435045
0.669398775328,1.51216205569,0.0446707402185,-0.0420458383256
-0.111612371064,1.3063709158,-0.000653627820014,-0.000126826701944
-0.801751730739,1.27560201295,0.0882498646458,0.120767652866
0.531504298843,1.98058405106,-0.211442689585,0.0907722643652
-0.979964748602,1.10686481265,0.698799121746,1.52719308904
-0.175219098297,1.37990132594,-0.0433415495179,-0.0117589162242
0.359908349524,1.38388301514,0.789914707758,-0.46196966186
0.725569925742,1.61266140175,0.748395258134,-0.675395155341
0.255963733644,1.27768924583,-0.648997689182,0.313295005233
-0.759256977783,1.4587325605,0.354547206134,0.352736563562
-0.251159258325,1.07895823745,0.22940618765,0.14484160334
-0.948019277566,1.74295796957,0.147667616324,0.126274106859
-0.968551047185,1.00569312012,-0.413904801668,-1.08408669731
-0.282987032626,1.12266117528,0.696741464382,0.456396968602
-0.11032138156,1.29625917966,-0.438639156252,-0.0854554357989
0.585789845807,1.76519540435,-0.1219462674,0.0730570515074
-0.169228510475,1.61149290695,0.585451744245,0.112548856747
0.671532822537,1.49204291572,-0.505385003406,0.490272949817
-0.109962899267,1.42673509696,0.381955394801,0.0612271202836
-0.731817903593,1.63038104859,0.912260871783,0.702088404773
-0.0246324740919,1.39216539521,0.45117510024,0.0171602766384
0.302034227065,1.57825662928,-0.664695863617,0.249324237912
0.990635750965,1.42387853768,0.69314826865,-1.12777213818
0.51213884087,1.43474459738,0.857481159919,-0.674552938861
-0.0661739279275,1.19139112565,0.699876049586,0.0972425074632
0.585487747346,1.47674514222,-0.937399995268,0.801964392348
0.582787711921,1.19493440214,-0.738369665552,0.960052531576
-0.00110627376323,1.5297073549,-0.302753182198,-0.000429346406373
0.0926618197122,1.80391172887,-0.754687443609,0.0650731232331
0.973970038522,1.72835540114,0.534113914524,-0.578812459307
0.97004416616,1.54864154916,0.227222029205,-0.305334414538
-0.990489453212,1.34555888534,0.532141607094,0.794649979287
0.288541705225,1.82714372237,0.0193330748603,-0.00516179689067
-0.576896667382,1.68324942784,0.514997740589,0.297419470457
-0.791062105311,1.71666950666,0.415155871294,0.309817141123
-0.353779661633,1.46464216921,-0.824296824457,-0.393890727453
-0.848373404538,1.59565279482,-0.928003432327,-0.855099126692
-0.578056097426,1.59962361034,-0.289755637971,-0.185644317073
-0.818024376147,1.77512436353,0.941906602215,0.678093866273
-0.232512599437,1.36114231055,-0.914624666962,-0.336528073956
-0.500173662588,1.12575176729,-0.900437847312,-1.01534599132
-0.484562767011,1.45878226163,0.0838535708051,0.0546338222112
0.866973540188,1.49183642715,0.801783929672,-1.02595264277
-0.13935181614,1.6137513434,0.0253944166411,0.00402057994873
-0.163036720456,1.26771744193,-0.248411951421,-0.0743893469201
0.887265426289,1.44704645604,0.493322478972,-0.688164159268
-0.474581830207,1.67236054357,-0.151327611478,-0.0735451469036
-0.881033517155,1.09826287168,0.283363124342,0.570655839549
0.440146014959,1.46916822128,0.897388238307,-0.574254082481
0.289491064534,1.12936436112,-0.65723292289,0.460856353044
-0.170521929564,1.81478063569,-0.958151256189,-0.146333598565
0.535985263329,1.02860618093,-0.935405476811,1.50210518416
-0.736331621415,1.22820872014,0.925282952172,1.26202801703
0.923118578958,1.09026258202,0.247047728285,-0.634104353256
0.0865464657669,1.33882036592,-0.360356354437,0.0526542197248
0.404020096077,1.94696709257,0.0701965019668,-0.0233901572233
0.282977037743,1.43723963863,-0.726736456666,0.307367394697
-0.847177824532,1.67340444445,-0.558771367405,-0.467532043583
-0.645746964428,1.15795318157,-0.819920893764,-1.11274958642
-0.659365405566,1.73270463855,-0.127702200865,-0.0789342284359
0.164556215141,1.68233614435,0.15082120207,-0.0267472064961
0.719844727155,1.65741467052,-0.328336493467,0.278138839436
0.930456546945,1.80389572998,-0.294444869417,0.278492212266
0.967743487137,1.75321251115,-0.508995948006,0.532268115937
-0.687231438798,1.50918631898,-0.759990246626,-0.64369681292
-0.265492017992,1.9239361116,0.616544188713,0.129233727154
0.0901038704346,1.94950876946,0.266966551026,-0.019160289357
0.658832906645,1.68126271505,0.897851441145,-0.672091986222
-0.323730126375,1.81321574937,-0.218139624938,-0.0624170624146
-0.466726795458,1.24369532868,-0.480018073321,-0.415147746395
0.980955118222,1.65194969671,0.935663654567,-1.11875751816
-0.540605702847,1.17540904464,0.163176235307,0.181725202876
-0.16471542226,1.70937283752,0.151971345652,0.0252841527925
-0.381075912331,1.10169964302,-0.0290097266177,-0.0263213163314
-0.0964705377775,1.5562370954,0.951492531995,0.112616034199
-0.148722548589,1.21231852638,-0.859520579894,-0.257104388596
-0.0952623628223,1.57003583075,0.365002434864,0.0419181036995
-0.206212571034,1.14828964894,-0.83820116885,-0.385316089883
0.4702058947,1.00534935855,-0.324378672579,0.475055213163
-0.8829042464,1.16682109419,-0.801435245632,-1.43268246864
0.524285619393,1.86247600244,-0.0271371304689,0.012985533292
-0.954089513429,1.59296144422,-0.0221486482882,-0.0228071379679
-0.796723582301,1.89414063962,0.134265619991,0.0828471020058
-0.177810879394,1.89418409924,0.705420989256,0.103045543043
-0.148264075634,1.44761460848,0.353321593976,0.0738974914678
0.898238354803,1.46401509558,-0.62146064995,0.858439943777
-0.249522094968,1.28387748431,0.661956963547,0.293298091324
0.212841964782,1.35744179159,-0.592964019368,0.209946105613
-0.158342039327,1.37118214301,0.496713756675,0.123540839318
-0.10089359136,1.7308509217,-0.714178704932,-0.0714352565939
0.599833848946,1.05889195531,0.816315551179,-1.39370695305
0.0458822333279,1.42077237524,0.895816011529,-0.0613667101143
0.2843207538,1.69049802152,-0.342746421906,0.105293180459
-0.80398233097,1.79647090822,-0.734912934363,-0.508369407046
0.633689476981,1.80715754937,0.716715642876,-0.445434702708
-0.217021120549,1.19386076252,0.418806290454,0.187242660568
0.173010995234,1.01231736158,-0.0700694475906,0.0361135192394
-0.385585500086,1.16222016551,0.0535386297656,0.0441470208903
0.702958750475,1.53027514599,-0.344517153403,0.33371685268
-0.561423898712,1.41807980863,-0.249007767898,-0.19747004495
-0.324774755548,1.08394993643,0.736295504474,0.591366384238
0.105329733166,1.75844146626,-0.233515692844,0.0241174369169
0.00991153897334,1.56701888998,0.544840485271,-0.00660410426628
0.920837216509,1.29521388135,0.888913533408,-1.61225915981
-0.336029040808,1.08664714364,-0.530261201463,-0.437982856902
-0.967195132763,1.20358462806,0.965275569597,1.7629412362
0.48615829689,1.93317509986,0.879248946867,-0.360672065646
-0.620933400794,1.7771941733,0.739110293705,0.410433763838
-0.0142560075939,1.51947090029,-0.52798634299,-0.00976648748239
0.649648049696,1.87045956148,0.95171215914,-0.566996537417
-0.592176091173,1.40788744781,-0.89338115657,-0.755940903935
-0.927957645137,1.51716798472,-0.224842373833,-0.248840593384
-0.330123809173,1.44759782637,0.0139839213791,0.00639772700618
-0.802554804835,1.24055279729,-0.545717844311,-0.790327558277
0.532404610247,1.15219053668,0.541947606487,-0.688703146997
-0.582613198881,1.86039373436,0.0939172209859,0.0448171409833
-0.128311353938,1.05386218989,0.535015843375,0.183083115933
0.628916336678,1.15335671602,0.400352916055,-0.605954498539
0.737884629168,1.99420244443,0.861630753568,-0.517824071402
-0.693184468195,1.60435226392,-0.0702572325266,-0.0530828943443
0.965694286126,1.67280333764,0.407745166295,-0.467267077159
-0.959269559857,1.11695634962,-0.689690426557,-1.45165062006
