2.84181463448,2.34106715202,4.83367160367,2.69983051467,4.28654993826,0.946353212226
0.552182278277,4.98906610238,5.284050872,2.08665506314,2.15546500431,0.460563718598
0.95349244014,4.61245714982,5.38751534398,0.0837983189772,0.599139303918,0.314893137693
0.942360152119,5.19963252007,4.40578914795,1.52022681321,5.50865170882,0.40763799171
1.87112853292,3.98099906163,1.83892967535,4.68276110581,1.3406800908,0.705725179781
0.282183928186,5.84492890437,5.7439535091,0.397297549846,3.6736033348,0.283790775933
0.895033758202,1.94727433522,2.32393113512,0.577914013377,2.59729082242,0.587376393561
2.44383485339,0.695149561652,3.73363136285,4.39809278295,4.82763439787,0.607726102943
5.57215980081,5.09143153484,3.49733253973,1.23982661483,3.84018528544,0.498963323347
0.70400279348,0.94120534881,0.345709231987,1.37790663466,5.69955851272,0.317719524963
2.93592832147,5.09594143494,1.71567668016,0.933738770037,2.70625088978,0.649254269713
2.07652250672,4.32853440382,5.29876458017,5.92476063079,2.08784641915,0.448664244523
0.306153311987,0.103507444804,5.73578204094,5.91780819874,0.28775234756,0.227268210373
0.75224051635,1.96707293722,2.59879672847,4.97222641554,3.28630755753,0.655652829902
5.00147448388,0.741859234637,1.28947477847,2.73298474362,1.34485128131,0.503986259477
2.73063054282,5.30280033341,2.59194527329,5.45674931288,4.27939756675,0.549015160514
5.07387562723,5.27989091031,4.03460712827,1.4863379073,2.86536852644,0.559328751437
0.0805959423694,0.63269924212,0.206324052176,2.77519599108,3.47810440208,0.367501424317
5.86218695739,2.448522877,4.92287710812,4.79616071996,0.458912609022,0.372065112769
4.90115538067,3.58237806818,4.37650708873,0.741789069925,4.51682780819,0.547986913575
0.786677381377,0.28695250659,3.59548549823,0.975655979665,2.36226075542,0.452105998447
4.34240201164,4.42715655964,3.8947936723,5.82405564621,5.5056140464,0.418534958504
5.15976322625,4.87732551657,1.85073880764,0.936319920873,5.67314764453,0.385888469632
4.02433562758,2.01460358786,3.4181863686,5.24880074535,5.79700979846,0.498119151625
2.37455045273,1.15578407287,0.89821918557,1.23766596819,1.98196186567,0.576301613325
4.91840121741,3.4987647531,2.35372911371,3.92504051203,2.9214240496,0.979569155774
1.37436906875,4.74864909177,4.70122899303,0.321281830439,1.43623462108,0.430746275443
4.01967443816,4.42488793576,4.64112911137,5.89344834358,3.86763038225,0.502811416065
0.933700924661,4.39168685401,5.1348308691,0.624935036349,4.52695880468,0.421293455676
3.11877740635,2.25460577404,3.17886373588,1.48972243129,5.16850994377,0.794591276226
1.93852397569,0.158148949765,0.980944797829,2.58547772049,5.74059164662,0.385176795423
5.35599533764,5.69898344945,2.10758258106,3.05980127565,5.48372329034,0.403159283275
1.13296386116,3.67743110799,3.8554165276,3.86079111225,0.849262529627,0.664756277186
4.75696015501,5.822874036,3.55825001104,3.26712018303,5.02089565857,0.487269064169
3.02518700176,2.16531715943,4.11120969522,4.60308581189,2.82750414966,1.04912465838
2.55293440425,5.51532005508,0.164202807862,0.359773015257,1.85829169617,0.359159993002
1.48555353713,5.81055146818,4.41577625316,3.45028525066,4.12556182454,0.535709992256
0.874154215898,0.611169462245,1.82151216256,1.88521929633,3.5233080718,0.551536917418
4.32353473062,1.00532417483,3.7501717097,1.74858776968,1.28170418665,0.632438804626
0.495104652102,0.579982546273,3.82962424893,5.42996974127,5.18037078738,0.351147868989
0.913148874898,2.84955283815,1.26298200594,3.24891494593,3.95674461534,0.747823885524
2.68007723354,3.59469826197,4.9493762024,5.72814611694,4.72113409073,0.508616782814
3.34622964989,0.847690891826,4.79809077957,0.755696866501,1.4210150109,0.487435614185
1.14211211705,3.85292393826,4.23387725828,6.02091218491,2.98508186853,0.504342064969
0.483477521118,2.05974122827,1.67680584742,1.7956062401,1.17349045152,0.533204904334
5.58927667149,0.984138139667,4.06260287049,2.15120702741,4.09625592035,0.531366451787
3.17720984654,4.12599930996,2.44991759404,1.47718838037,4.69681376149,0.847457584088
3.40586609581,2.82864425811,5.18813236277,3.32560151448,2.28938150782,0.944018895697
3.1021877658,2.57048798055,2.69683837736,2.98135077868,3.71642773219,1.7240052502
1.09462769234,3.51847579488,4.45686025856,2.2672115457,4.75983176595,0.682328872869
1.64224118603,1.45626861347,0.886888770424,2.21452671067,5.14141246307,0.529255377337
0.943120514519,1.03047540248,0.510194974929,3.32318860706,0.996247768032,0.426832695639
2.08156147943,1.1705349709,3.61789051432,5.03196930337,0.407502955146,0.489663198282
5.9501002372,1.72668542464,1.66847706999,3.46281860628,2.03427314167,0.548119277417
0.401569948424,5.17421424062,0.335988103229,0.104302145144,2.5999550812,0.311321766904
3.58181953343,1.47475282264,1.21890861125,3.60188872151,5.24854099569,0.615180712356
0.804771322922,4.44144873664,5.71124928653,3.00599044756,5.55061507404,0.388299009451
5.56927946807,0.329387052796,2.49680571026,5.51580588471,1.92274268478,0.377695743436
3.89362040074,2.9885872733,0.54852055707,5.12173071444,1.53407548396,0.541737779823
4.53428627514,1.32166693277,5.79033546474,2.4450082694,3.58645670058,0.537381447925
4.25448100026,2.09459782141,0.594169727551,0.985356625148,1.21589847112,0.489636808116
0.540633661233,0.919640095402,1.18999209819,1.5455823798,4.31707145519,0.444394740225
2.67317006917,2.81220705312,5.57413791218,2.5515996815,2.37343784642,0.808936289194
2.69853630377,4.97000835571,2.70723398378,4.32372422947,1.00859317683,0.67679732122
0.740641906274,5.90124593591,2.84284971581,1.17412235293,4.83895132225,0.395848431339
0.42066568255,4.25258349239,1.99109125315,5.89755589797,1.91687724938,0.42001254151
5.85085951801,5.30995376766,5.09143128184,4.38321556589,5.92924472394,0.300019820858
0.650974603323,5.94487710891,5.35749813463,5.46219689653,3.08165484188,0.32449516637
1.4109484758,2.8642072106,1.67292854643,5.79705638379,1.9680466811,0.549659083536
2.01879472879,2.34874960991,4.86912146664,4.74191855424,5.55371219294,0.514503013507
0.71697872553,5.38109142177,0.801880896212,1.40671227884,3.11942878041,0.429805478282
2.57382435997,4.04682914047,0.373288084894,2.52041961333,5.80481361267,0.470055818894
1.59091447672,3.59830188486,4.99341552601,1.65341916771,1.99814457876,0.707504443903
4.62423353596,4.50328976001,5.16221470254,6.03271168093,5.02828867914,0.358622402441
5.3054205593,5.92600519784,0.774360731756,2.3368660334,3.26061216057,0.410886758903
4.17169608215,2.18027571884,4.95629395581,0.970126398985,1.27006052989,0.556019428543
2.28404230326,0.625371951233,5.17649651161,4.38466721151,2.69442322483,0.558681961205
3.84301981783,5.85114541684,0.30647203945,4.96472072041,5.35933234486,0.32763916024
1.08639564481,5.71657301567,0.3152922741,0.379976653684,1.6168208188,0.312236422368
1.23013187925,2.82540815157,1.493665693,5.04141080821,5.42142562102,0.488696005707
2.5868715296,3.78274644977,3.39498560942,4.25212807282,3.03742900532,1.33180505853
5.22945028966,5.28980670656,3.77333938742,5.2484747702,1.11630685986,0.409573270706
2.01800149012,4.72574734034,4.03672496863,2.48798961794,5.93491151482,0.529291414329
5.27284142785,3.6287733569,5.97721280727,1.45832875803,4.69184056398,0.405448663997
2.84904098307,1.44463938595,1.29518064326,1.6786871806,4.50121774929,0.696967728931
0.914680478187,3.6918336375,1.87620480403,0.7028582479,0.25529437632,0.418403457284
1.13281299275,4.63364641157,0.128090378143,2.60835073415,5.27031017058,0.404682169262
1.41830443298,0.788503143369,3.26613772158,1.21395233567,0.507160797061,0.457299184447
4.70757297172,3.34323829524,0.840487264702,3.84006015747,1.78502435669,0.67208907609
5.66285403322,4.29239804765,2.15783167669,2.26998132084,4.47298576893,0.582311265278
5.96933648635,1.58166173059,2.90888019909,0.31475251025,1.14978819565,0.377774994826
5.08637207547,3.09124497588,1.13420422347,4.33109568991,1.72680114635,0.615941084257
3.48447439286,2.10462484731,0.884557383788,2.95805709851,0.633690716148,0.620628895264
4.10090081384,3.79740611547,4.91680799469,1.94720033124,1.30419447562,0.689363475512
5.1388138735,1.98676846047,4.66994950756,3.7718390645,0.101653840001,0.446706959592
1.4163779089,0.852491504951,2.93597773939,2.79961775335,3.50454225665,0.805252407179
5.62559028113,1.51868535627,2.77553670564,1.7305126609,1.58379944749,0.563201856877
1.64059974255,1.44312002225,0.533242488652,5.2349642541,2.33649217755,0.480953177036
0.930684015605,5.07187323114,5.26758893191,4.55058959254,1.17786047712,0.409145089631
3.83284266105,3.39088729348,1.79300502002,3.76124217846,3.78863158244,1.1758223528
2.88167834619,3.1811797413,4.3091937928,5.1267628307,3.17437991251,0.88383390954
0.60536628452,5.84041492209,1.87591436802,5.96862605297,2.00473063706,0.334794176294
3.55309579833,3.9325245698,5.78050062006,3.94323484944,3.29396881993,0.671916106126
1.22805291334,1.33541448619,4.44107795441,1.41051724146,1.71186994536,0.58230667372
2.69101255914,2.3827587904,0.0877684586309,1.63416115903,2.50662713705,0.622413675841
4.11027075357,1.07799959948,2.70607539669,5.04841779362,3.83444357804,0.670893749001
5.56991877265,2.76976967964,0.956212402879,4.51558176902,5.01873727279,0.450311614192
1.45349193698,2.53119130611,2.06355397223,2.0491302007,4.4115207562,0.878353012201
0.637042038292,5.66224481739,0.832534872572,5.57360608883,5.5561594829,0.281480636174
5.00253621802,1.82151003507,4.68505666332,3.94206236557,2.40227562547,0.690456969662
4.33593610359,1.21318849156,5.16966013209,0.957236859479,3.2952177768,0.527847087422
3.22792736411,2.40322132634,4.53809714202,0.502504435181,4.61161824838,0.602096404728
4.57672094767,4.0206078549,4.06426152363,5.1079115392,1.07055303385,0.560965803232
1.1980843379,4.94720866729,2.76666962337,5.73497335798,2.93842107299,0.510807774457
3.62132057942,5.6642822882,3.01598009356,2.65519472917,3.95977771826,0.739384726662
3.83928624932,0.742468952262,4.99427406365,3.71636180954,0.388330687497,0.452243786092
2.09758222474,1.18808166727,5.30711627117,4.11825932204,4.80465420631,0.528332571431
1.23593457209,2.02740405502,3.06456067922,0.681825902293,1.6754888783,0.617653831995
4.2766532531,1.7041121943,5.03608841192,1.89333703711,2.99399599294,0.731017465715
5.30939217245,3.40054919407,3.79716501137,5.56722759033,1.17018908365,0.474651939202
3.90561255955,0.0989082604007,0.198874171779,3.46956516141,3.10794912288,0.448130712936
0.0665084000061,5.06248032411,4.20681891675,2.50068479554,4.24195253011,0.473768128786
0.0879029384301,0.0905734263794,2.36393489232,5.5384202059,2.05691237644,0.336897228607
5.37586373974,3.56843435698,1.19197428525,2.98004582202,2.70418595967,0.698094546731
1.9932641936,5.34918918848,5.97620861691,2.8622979507,0.26149619238,0.358315193853
4.56712722168,4.32948169987,1.75017057609,4.84054279407,3.60514044367,0.687792173874
4.78047240733,3.70512648192,1.40935388313,5.50844891739,3.68522210694,0.556815017768
0.211859035601,0.560038815006,4.04642890041,0.873763539208,3.57192185588,0.405348489629
3.75269026372,5.05833283731,4.49781968637,1.38554179256,0.562844991858,0.485603310109
2.47626850274,0.164985275197,3.00340084079,0.520639116112,5.30829391117,0.40343621292
2.49585480289,0.866605378021,1.31634555306,0.678756776972,5.33460365674,0.425916660383
5.88731969714,2.07650098358,3.0557988316,4.35435172142,0.692227542427,0.46832569814
3.88151856254,4.45717345573,2.05344346224,1.24903090394,4.85669238963,0.653185009055
1.68619974027,1.96225630273,1.35188219353,4.42167796537,0.985795715767,0.602501736261
1.38145622815,4.05164819174,0.822081830284,3.98080104754,1.79162199943,0.629282127154
4.50194112358,2.79702690697,4.09273776452,0.0695972110232,5.08264731784,0.466945371561
1.09049558972,3.95015937656,2.10985406887,4.96968970436,4.33252681578,0.625129911424
1.99399709807,5.75323406698,4.18216091439,0.254590508294,5.25434306624,0.362198369842
2.77646619724,0.745671507659,5.1409197733,5.05069709953,2.81448799059,0.527557629933
3.62342675299,1.52426673881,0.225533208933,0.207228672963,5.6618692478,0.331683372993
0.29873905496,4.59831901493,5.41224670219,4.52147108223,5.39229676606,0.34833099619
2.51073779638,2.07030501422,5.44072492421,3.99640679588,3.60409951559,0.74523360767
4.86444042784,3.07644466966,2.54150064819,1.60474191372,1.54059822953,0.783158814571
0.725885914846,5.70201820213,3.73901006499,1.27595946372,1.84234687419,0.447805781245
5.30831602063,1.08559751457,2.10349690302,5.0031838404,1.86518048094,0.497573375213
3.46365730297,2.52779421677,3.77203747093,2.73750240819,2.22313592295,1.49110829027
5.27444111364,2.50930799352,1.35692997678,0.395559862782,5.68934238297,0.368606370359
2.46925410621,0.786143588146,0.83835799667,3.75363804127,2.40077707174,0.633609727305
0.869359515864,4.80334797229,0.491750633193,3.1154487583,3.50994077006,0.516625641551
1.37918983267,4.44262724528,5.83646343959,4.1786295903,0.508769978673,0.394491034611
1.440476157,2.88306325641,3.22461714065,5.41328659042,2.61192856845,0.742346778728
1.20200887296,3.42723395291,0.676133154685,4.15213877091,0.774189598127,0.497578936372
1.30833580403,3.04902845203,3.28027843384,5.67324555684,0.349270858831,0.452175759068
2.03480662671,4.18164630093,1.16790529441,0.879422333174,3.02533033644,0.658676980516
4.04327454323,4.03651060467,3.83830337415,2.91470184986,5.13790220896,0.803636927529
4.6548888632,0.338653874649,4.60072374895,0.128683696708,5.2885929627,0.323982633696
2.67035026956,5.15579539796,0.412607883684,3.92009096189,2.94668492456,0.578030319067
2.93107410143,1.14709268055,2.98609388958,0.102543414919,2.2577515113,0.575228459127
3.27262928372,4.03835350374,4.90539268998,1.67936902976,0.173541498314,0.512401136156
3.46261282436,5.82854339546,5.63329641553,2.73708906694,3.19948096909,0.493636209989
0.704569920042,0.631488886535,5.14997894173,3.11836521671,0.623760406158,0.382237009963
4.77750886893,3.77491844229,5.88753311963,2.95332917401,4.44344697819,0.521278558623
5.29877265997,0.106716633122,2.16907069508,3.77571459827,2.23731998124,0.487108625366
5.12604758109,5.27457352473,4.80639600029,2.09400225534,2.98922411399,0.532544384325
2.03352287172,2.85647378713,1.47945205499,5.48805767979,3.53687200418,0.678177305273
6.02586909294,5.91618667444,5.16891991378,3.42473513578,5.42485843307,0.299181017966
2.49493744289,2.55651019218,1.4038004959,3.11024373749,2.63275588734,1.22749899622
4.8303679551,0.802240974565,1.81605722219,4.62930685479,5.7055053026,0.407223959935
2.85964159447,0.887875892085,0.10928032481,2.64979230452,0.468536900545,0.410374601111
2.36133908084,0.863276147439,1.69008704296,0.348607179499,4.8909753865,0.44853065142
5.92298656328,0.497207515707,0.6239446062,2.89297946149,4.55342794424,0.358705124591
5.46493462281,2.22685836994,1.8622003651,4.62161233651,1.24146757668,0.535036846771
5.16258906366,5.58105395596,3.52589863921,4.69966754855,2.37654645529,0.50269534035
1.5785880444,1.2447060374,5.61538264217,1.29857260108,4.68660481253,0.440894048221
2.81847331718,1.28169081013,0.785349690452,4.51992109781,3.91204973308,0.623744353445
4.13973702859,0.121860228262,3.63188716429,4.73934875309,0.680483498682,0.427579542136
0.569522776432,0.878315713244,6.03518752222,1.08823223358,3.22404309378,0.353030326896
1.81909082181,0.322807629897,3.60229382747,2.85206939756,2.38352694889,0.698003008513
1.0695171174,2.30005404184,2.47912691499,1.69579204529,5.28759213078,0.608937988593
4.02582340343,4.46725969578,3.02256350824,3.90908637344,0.927324472953,0.750294735095
3.4063888725,1.07975324176,2.00453877425,5.88545229526,4.84991727919,0.4631458312
1.40589125277,2.52477138972,4.67142895103,0.866821196987,1.62047018002,0.587742489388
1.5661494809,2.881862947,5.16297943993,2.19412483036,0.529279467007,0.540474559607
5.35051822895,1.63965476818,1.0691033187,0.428207676403,3.43594227183,0.436528752016
0.0951024132678,1.01323999726,3.31531775828,0.0738433869698,4.78510086205,0.342066891735
3.90756088458,3.04265939829,3.68129959606,1.5795436187,5.49440542892,0.688259169313
2.2612192961,1.00696865208,1.44763555457,5.34780272594,2.82675477432,0.572409917473
1.48254149191,2.56740829717,0.36912779271,3.10180375716,0.343078230863,0.465529804464
4.44671209935,1.07260532389,0.656510214613,3.40156198128,3.23167159277,0.605521352164
4.34966920717,5.11277884127,3.60589340637,3.70954349871,1.17369492221,0.645519848092
5.01829518998,3.98121609333,0.670822784327,0.0557440199452,2.84254850836,0.413996368596
3.40121712449,4.69539310753,0.292036562073,5.62540825862,4.14128558518,0.424381565228
4.1796967054,3.57575003548,3.26225889553,0.132071331944,2.71775597608,0.662399546967
5.37531405856,1.12957459461,0.113837213202,5.9193945071,5.21146409432,0.278675877098
5.14655571409,2.8466135438,0.201366990589,1.5554063913,1.463396479,0.456379756079
0.783536263039,1.89845976836,0.0885571410193,2.78405473677,1.13273866118,0.432228716459
2.19746965419,3.61001225515,0.250215071207,5.50570205539,4.05980845192,0.476662058231
2.09782347594,2.04662212585,0.562650369392,3.33673775948,3.00026770676,0.782661391408
1.98837137577,2.46541664092,4.39662745219,4.72283914623,3.46519315838,0.873795948958
0.833301703395,4.09668050085,5.48787909449,5.70064644154,0.418887298505,0.322139355828
0.38945725182,0.869194731284,4.81579276849,2.61507260184,3.47321897473,0.499388917476
1.51902644529,3.40313354448,1.60092523334,3.04418502087,4.93540831087,0.765640083736
4.33012878,2.22240555688,3.3039149583,2.74603817491,5.64515406179,0.688345104021
3.80244756637,2.16117094081,1.86614438191,0.221226630053,0.41875955804,0.454182758425
4.66620576071,5.04570414046,5.04567649398,0.603664209946,2.67389948614,0.454654857954
4.73168764249,1.3360414046,1.2896964941,2.10344821261,1.56536881271,0.604061341248
0.394350527611,3.36826847506,5.75073436604,0.887236464844,2.20260898539,0.406649986581
4.47875180002,5.64908871895,3.29055328611,2.87929308226,3.95684365595,0.657076888761
2.22748968744,3.65720104409,3.62714522751,4.42680590565,4.63780844161,0.897650910046
4.15725294098,2.82041571477,1.56973312111,2.32062229452,2.48471477344,1.09358684832
0.8049632495,4.31956483091,3.56566716185,2.13759285953,4.43044677178,0.681693878356
1.04824578209,0.699627525964,3.5461226956,2.37268854839,5.82133998955,0.439506596834
2.95105521442,5.90985228286,0.513523241931,2.89820100536,1.67038933171,0.466626191724
0.387308292546,0.0785575301436,4.16554597215,5.39786456265,4.97357209372,0.318834618699
3.36057143886,5.64091664594,5.76021049291,4.75500359697,5.96838892168,0.316309704517
2.23633684548,1.58687832264,1.8752170608,1.64348066323,3.809478215,0.881785177295
5.63934784094,1.52413227162,1.46432156892,4.9420136364,4.81586989779,0.424242015701
3.97528672789,2.28823054464,4.63419093972,1.71900927072,2.57754801143,0.913426953667
5.47419535864,3.83888589877,0.560316433615,5.63827339058,5.18510084805,0.338838552543
1.63318926822,4.63112681158,0.532691865031,4.39547649674,1.29096521293,0.488173741146
0.523601148731,4.39517547617,2.1619890706,5.03168537475,2.49066407496,0.550403268956
3.63364316095,0.570519461592,4.25203104908,3.66319248816,3.03633096112,0.751167767014
1.26573417185,3.77588799057,0.393140333165,5.73995510668,2.36603087731,0.428914530277
2.26106172268,2.32879705343,0.921953509373,3.0990377291,3.30059869361,0.960154690589
3.65146573906,0.408928335766,0.405252768719,1.30064538201,3.95278667937,0.441182016246
3.38819044593,2.59830681332,0.489626091751,3.60336871394,1.52784187,0.706947110313
2.19605682532,5.68136063088,5.09636038003,4.04528536655,3.91400334997,0.521954177594
3.31611740771,0.110364364669,3.26494118355,2.96063385821,0.082750902153,0.453885048845
1.19756800775,0.537293448972,3.21731751375,3.6651024939,3.66878439561,0.655714252271
2.83708625636,5.36628872217,0.671902800987,1.73382603658,0.230598407498,0.394965275592
3.96649833972,1.75636711928,2.82855129736,1.55349028379,5.35995926178,0.659111729555
1.60423912957,4.75999712062,1.78113226892,4.41836666032,4.39084005635,0.646095967624
2.00172510366,3.14897499364,4.64548996645,5.91942015959,4.02368276868,0.54652800517
3.7471544133,1.50527984445,1.63073043535,5.88330699619,1.03822807004,0.45809914742
0.395415450887,3.27334190316,4.53776294365,5.17587091761,0.130471288208,0.367756566206
0.618909115487,4.74180315688,1.58203861695,4.42503175234,2.88068435657,0.563093556373
4.70655228464,2.21947524129,5.82271247439,4.75513562793,5.98323017166,0.351254222588
4.13607247574,1.02899556889,1.01260448138,3.01886460086,3.28476615768,0.703892850838
3.94916726303,5.61903514426,1.57488362618,0.921657777808,5.81327531911,0.37002440204
5.88543054525,1.03494477816,1.6455633481,4.92104897044,3.37625389569,0.437566937654
2.75636617649,1.94224269294,1.60213377128,1.52047726327,3.01519555913,0.968855520437
4.60485847736,3.81632358832,2.89229534246,1.68997018064,4.32987910567,0.851911261101
2.01254124904,1.21046880822,0.518003396887,1.36009251448,1.73129929286,0.509250487894
5.98448755023,1.57234054902,5.32364457098,0.732841377052,3.17059641452,0.377161898187
4.25852046199,4.86825042592,1.83728945668,4.27519339244,3.26392668525,0.762084486215
2.14816113798,2.75495915047,5.50743973315,0.709846673309,1.24832475457,0.490530386783
4.68171918651,2.69705142402,5.62759870003,0.850201643489,0.50132840416,0.389268264647
2.06106947378,1.7685692508,5.63481672952,3.90742641063,3.98574077809,0.619756127448
3.41449590084,2.76216677869,1.09271479947,3.22904149939,5.52858467262,0.653069379734
4.10239079532,4.13131789489,3.22457500263,3.63497478447,1.84440642328,1.07710231541
1.68105346574,2.20819635015,0.421645561092,5.38154392592,0.460956674655,0.382658277796
3.7612169501,5.39240469951,3.92449764559,2.66562546991,4.25103917068,0.722822625307
4.89543414327,4.26281850122,0.254649410598,5.47821935023,1.51322862792,0.383488646624
2.02361437556,0.670084404883,1.33810210919,2.10498654629,4.50837394729,0.580720726426
2.85831342424,3.70098133243,0.64894971534,3.03977959529,1.14816998546,0.691097221877
5.51522569685,3.5657397774,3.45484612706,0.905307198068,2.68487665381,0.611982090658
5.01334383664,5.07237891197,1.71704989536,5.03795917203,4.78452454373,0.447786440544
5.2534632359,2.53114548867,3.39390195597,0.335228115286,6.01659653931,0.37517900159
2.38227159492,3.29381486586,2.89628503867,5.8997874154,2.93701825758,0.71986953114
4.45656942828,2.9151952453,3.83514067615,3.36887638849,4.29495813225,1.03742697828
3.12017488937,2.18988471081,5.62906166604,1.95548423635,2.02600339383,0.683883357284
5.95722832719,0.205318703266,4.18360179633,4.96804166273,1.77364476847,0.352939208956
3.66176274802,0.976196932441,1.94410964322,5.35480445602,1.63429893023,0.553744911997
4.48965969178,3.9621193368,5.76234289043,2.47926269775,0.724095570657,0.471115748157
2.46930287446,0.817769435023,5.86284000777,5.23634379497,4.66931733445,0.384209356301
5.25792616391,2.7109520215,2.39420332664,4.22018681389,4.18781424405,0.743575833229
3.83211460351,5.33048504623,3.61837565601,0.878148863074,5.53969144189,0.445270696997
4.63821170097,2.82147037612,0.807240546257,4.88372709317,4.75800073787,0.521844440048
4.41990497543,1.86842347927,0.19712125985,1.9900248912,5.827732601,0.397316584551
5.67666505505,5.0338166667,4.10863865256,1.36423151273,2.04349692239,0.473469998878
5.74451042381,3.71800528062,4.67283455438,2.5659315899,5.0794997599,0.491183763943
5.76877522819,3.98394075765,0.786315959149,5.69791269726,4.62643139628,0.351386830628
0.290760652682,5.45495464385,0.305978796773,5.95836404677,4.20284482046,0.27914805445
1.27160946793,4.39156046784,5.8696289673,5.60319035288,1.31818282927,0.360183140053
0.805221111479,2.84273521559,5.34144313828,4.20515546969,5.48263560228,0.435919376663
2.47219744911,1.08020231262,2.7165618903,3.79690353866,1.39442362882,0.815829268432
2.75218161911,3.08109745979,1.76154714305,3.77966832742,3.07246515682,1.38602249302
2.52334781596,2.61966376017,5.56893869454,4.84933445376,3.32435529856,0.645305203469
4.09791289903,5.89963339909,3.74810914639,4.60212953671,3.75753117948,0.546041497827
1.47620334929,0.472338184311,4.48212836239,0.190461722428,1.43737696996,0.381053544689
4.5493477097,1.69984172434,5.41373004331,2.76014263878,3.29686987489,0.66389398577
1.8786557846,2.18482138263,4.84725099775,4.38019494883,5.81848207183,0.495465387748
1.46105191382,4.49562519204,3.67081022782,4.37847522954,1.4632227696,0.698464471108
5.11890626859,4.57913833134,4.13460718591,3.17026455517,4.21843232186,0.676391258663
0.0943175817261,4.74963506879,3.59524466205,3.9944982592,2.52874802761,0.553414621698
1.70285962317,3.74780709861,4.03450652632,3.61965845013,0.356009564875,0.637484562098
3.02414090254,2.88525893098,1.81583036516,1.56745109575,3.49226935053,1.14803557094
4.31745738163,4.74480416744,2.12544720362,5.2521068555,3.04837795731,0.640237498645
0.280356087824,2.53795805369,3.67708773811,0.24684059569,5.36695586134,0.380941347013
3.75785098714,5.6833758089,2.23958579981,1.51901853737,4.55980116287,0.556193343493
0.801220749433,5.47767970978,4.58859508413,3.32579525886,2.70618263695,0.535056000436
1.60015738744,4.15403586147,3.74024408725,4.33482626227,0.96025941063,0.676515732661
1.91255588434,1.7059116344,1.89681839108,1.16100521246,0.899845172414,0.592882052775
2.2770705466,3.56778983995,2.89900786234,1.75971410499,3.35807989504,1.3294792578
4.55618523759,3.86368739665,5.00029564548,1.11501762867,1.2966346438,0.536957058661
5.2784974516,1.4814735215,5.19300324271,1.59306802446,0.0561673428392,0.357751740095
5.3132201382,1.65012786833,3.25930245626,0.49716233584,3.78587622662,0.52295298817
1.72677645955,5.78879584412,1.71389899681,2.12493788631,2.50648528914,0.586103713959
4.07395555257,0.770198159941,1.60476802068,1.73127255805,3.29499357887,0.677104935103
2.93457540902,3.3229239952,3.93293901823,1.91894750142,0.924956501025,0.873102000016
2.62180127213,1.17497258107,4.11436370565,4.02466157549,1.32906797075,0.737598515514
3.13226965369,3.81378208632,3.00601223183,5.97854991294,1.47081237259,0.592068166646
2.16918011943,2.99994405436,0.656310957093,1.92955525044,2.51321446691,0.795801217554
4.72708074822,3.2921969799,5.83728226252,2.43593851962,3.62821529975,0.594135498591
3.18941823177,0.0617219411348,2.00714557915,5.69332009672,3.12712716737,0.456095108603
0.906421073103,0.40030365043,1.61064979074,5.60152713702,3.87646164801,0.390504244156
0.598743666532,0.107526615604,2.90790115177,0.389244622176,3.62109680084,0.379611501514
4.69269825047,1.2732757792,2.07243999294,2.01510312145,5.93286102586,0.469949830521
3.80646013109,0.252638682763,4.94700181477,3.16205319923,1.52901063383,0.521396572742
3.36863753245,4.30344879252,2.56791639219,0.917154833161,0.908548890707,0.63556708288
1.24999063462,2.04489644375,1.58447843901,0.908456781325,6.02380857139,0.40822277946
4.99425290714,0.913075338804,4.31060651411,3.97856947097,5.78439103504,0.42086797634
2.80335004595,2.06952416448,3.18248757668,4.85040911618,1.53642326394,0.869275789361
4.93807025712,0.388858312681,4.33924761093,1.12928571024,2.52208250187,0.474029387834
0.845101119411,3.77029281737,3.93298887085,3.36849148777,2.90345259985,0.888690152475
4.37323875402,0.995597708256,0.321210670522,3.14349077735,0.878311058296,0.44244891992
1.1659666626,0.424652626327,0.178730031973,3.76437402482,3.9602014378,0.408798804597
4.65229519298,1.57981391072,1.76667779792,2.57168818766,0.64763982648,0.588749896796
2.30992928333,1.4816809469,2.90377625629,5.36772671182,4.26683493968,0.666588902577
4.35528130512,2.53734395737,3.62371493936,5.29917130333,2.63001291891,0.777427396925
3.96817962034,4.20579078646,4.5143825394,3.832909864,0.64418125447,0.62781423708
2.19951299413,1.50050361255,5.74389524147,1.36629693043,2.7832103324,0.551443823802
4.41654487271,2.72356005411,3.45542478255,1.24987224216,6.03292179294,0.511456839749
4.32466277154,3.35357280856,6.03176926173,3.49214265751,4.9131269357,0.500660142601
2.97552917156,4.00857250795,4.10160643077,3.09799680601,3.58215335527,1.31928558803
4.27426850752,2.81846770249,0.952480411801,0.570271485783,3.41103026822,0.590961461825
2.25840353868,4.93781429805,3.71814017797,2.95341144813,0.133896641173,0.554399514388
0.402039952042,4.72370921436,4.52190002113,4.55091337473,0.525173984004,0.391131551322
3.61229100798,4.7729414972,4.5553820946,0.5125441505,5.27679388057,0.448256371424
0.220583013179,2.56500475794,3.08138351753,5.89016495137,2.8983106177,0.469827731209
2.71713357235,0.634342490041,2.01335644067,3.49416091653,5.34265665444,0.575306148165
5.22897370653,2.9854600052,3.47763327011,5.64303639296,5.52948023693,0.424077772422
5.41397710499,1.01031850159,2.15216369648,4.36652543529,0.600093097367,0.432303643659
0.339753742352,2.03076891368,4.7090843874,5.23521261163,0.814888618113,0.388981315936
4.93015984569,2.23439149781,1.9175185114,0.792934335936,4.50581461547,0.567470671567
0.913962270743,1.69095781551,1.73784416602,1.59154045962,1.77242977155,0.619238406909
1.35656339961,2.69310034734,3.01796183495,1.42767416372,2.24780636583,0.9230714401
4.68701575774,4.32850218963,2.61559902101,3.32514603359,0.41646974731,0.604629544775
3.56564250782,4.77921194431,0.186269288572,4.52984790897,0.932878768713,0.434479381468
4.67257876693,5.70018477416,2.88139284024,0.381481915228,0.419587532221,0.349433472804
0.80341388052,0.0792556942696,4.68717842689,0.319938409014,3.64962572756,0.347137214088
4.26127138312,2.05206605801,1.19779908044,2.94561057677,1.09997779632,0.696846872501
0.927810608604,1.04122052221,2.94775119277,0.421404629934,0.851024268181,0.409823189185
4.78507643181,3.90979534779,0.298916012068,0.64670635722,1.64625803197,0.422285020407
0.898871326846,3.15820648156,0.346189743839,0.795515324602,2.2268092896,0.455787341913
3.28040453276,1.01224412741,4.7470154672,0.360463395161,2.62859329493,0.521187317721
3.90131898694,1.36191898064,0.302536466527,5.79601352601,2.60376984094,0.421111412824
3.45835001734,3.33771997238,2.10990113219,3.02270754642,5.85303264717,0.701423292952
3.63782815839,4.6379233641,5.85383715588,4.12387191165,2.46126341028,0.562197942818
2.85137724344,5.86027125906,2.45830400216,1.83396260044,4.80893968127,0.551615155792
3.4750048264,0.221235516924,1.1257948487,4.14189194102,5.80535963423,0.390110443274
3.86768289955,0.491651921566,5.55628221352,3.588590459,4.0387029024,0.499884904005
2.84861644018,5.87848158158,5.2913306643,2.92923027108,5.3176642167,0.417792178136
5.24274976146,1.98603005841,0.0680400247312,1.17619689231,2.10705203826,0.420555673431
4.94064378209,0.428389030158,1.93092904349,4.49124356215,5.28033821988,0.417607261984
4.4764641523,4.26708382256,5.88541711823,1.41899438504,2.62837639201,0.506360838697
4.81570253496,0.120941032373,4.62453359301,1.73040621853,0.194890685852,0.348366846044
2.6528230756,3.89882531366,1.94401307489,5.52758224025,2.70931850556,0.739825830485
3.73739283476,3.44083961181,4.07559695014,3.39837265374,2.71722693194,1.40180536995
4.43558710005,3.12656500562,1.08003322742,3.1878871313,5.51089442484,0.584689536698
0.23009445173,1.66618237487,4.42493124644,3.22881579133,4.56832426263,0.526485569441
5.56862965317,2.02694367231,1.19708148329,5.54689108224,2.8277186651,0.448198412255
0.137586202861,2.66481823332,4.98332312977,2.22515222635,0.351895182048,0.402379213582
2.85457177827,2.56682835244,0.518520456705,0.747908267728,5.7760259069,0.414168458197
1.82759419966,5.73693490798,2.847730167,0.804356791373,2.41856320416,0.52500460428
4.7609338695,1.44255520653,2.2450650609,5.59917738876,1.52698352645,0.499451857347
4.28835605944,5.29066585815,5.88379996498,2.14031972329,2.49328726968,0.471273042333
3.06679618109,4.3199947473,3.9715750846,0.965151845651,3.27206354437,0.839952749586
5.92042805383,5.28834352464,2.14162506716,6.03279658073,5.38239998089,0.290901403506
4.93544090345,3.40781394754,1.14811854032,2.48363174079,4.01426287775,0.733295132924
0.290832140966,4.28834855218,2.586083487,0.243832417491,4.04626559994,0.437409140116
2.89104792169,1.23410435333,3.50474099357,1.03646263242,2.24437262537,0.780550359537
2.312858161,5.82777942708,5.32650250783,4.02208642663,3.83854842314,0.48475591855
1.01190696364,5.01302573951,4.31269596629,0.857114157386,5.30658712082,0.40583985484
2.3086340911,5.22821052419,1.67378868161,4.71600326449,2.41006869055,0.645393149905
2.87238895569,0.737911652289,3.38040586747,2.40815574279,3.98366744523,0.862372419274
1.68901929154,1.35393345047,3.74799906645,1.46177301995,5.95519136838,0.474225683022
4.28784208424,5.43870068741,2.24346659562,1.25439270301,3.40445984915,0.610170058005
5.67795570407,2.61449120347,2.73251380921,2.42176849411,1.87714556371,0.71496153643
1.724058762,1.02366774282,5.58098894219,0.937011810853,4.68347413721,0.411769617694
1.68789232418,4.83547978326,2.56534217196,5.21135173127,5.60297849524,0.455682308556
0.574946187461,5.68150234306,0.85850468731,2.08639575533,5.75173248067,0.321915553662
1.87053790398,5.82892556887,2.29110960038,4.48388664835,1.99086813724,0.555515533722
0.114150759596,5.0692304216,0.300325261306,4.62397966131,0.569503487936,0.2990188536
2.85757717216,5.28108503502,2.03644837873,4.08551710126,2.18668251536,0.769710498185
2.38207574861,3.96879186995,0.409560993478,0.20663823257,3.1637156585,0.479376386664
2.89116522181,0.717914956265,0.702551304431,4.89764991139,4.66773777294,0.457028947143
2.27498270909,0.865633682676,3.26707263089,2.01055556355,0.301133810074,0.543024468226
1.32085942546,4.50412349805,2.83813916888,1.10811106822,3.58770748961,0.712619034847
3.17527224827,4.59567916907,0.244315514191,3.71343220327,1.51483088708,0.559114563289
4.57365265972,2.6217108074,1.88223970316,1.0050040887,5.6129319245,0.508225750252
5.29005579522,2.03652775708,0.37146986972,4.5445440849,0.30159869814,0.360376061459
1.88116219412,3.50484021099,4.35219736912,5.37730934343,1.82768201027,0.650998072557
5.49907366438,0.916431572071,0.119381422363,5.40412609894,2.14449376912,0.328987375295
2.59918838378,2.47141803941,5.99586717549,2.09168174445,3.83570398948,0.627403260923
4.51690105469,2.80168677849,0.540240454351,1.69333090552,3.05074644198,0.662221250911
3.01444270797,1.59311040481,3.15938100531,3.75139194359,3.82110003762,1.21304101269
5.24863268298,4.11323410087,6.02404115357,5.42730757504,3.15341155697,0.37942282025
5.44289551708,3.77425773213,4.56024002444,3.37226117983,1.71299410016,0.633050621504
0.316873161329,5.1715822396,0.630403580179,0.966691905836,2.23577376287,0.366995240252
3.98068288726,1.39830315073,1.50651581067,5.31419696523,3.39196661983,0.614748599471
5.53839159988,2.7526703412,5.29086473085,5.91372960978,3.83667950018,0.385467595434
3.79583644427,1.13983473648,0.567409314309,5.93138396992,3.66556696919,0.41585126434
4.78951137355,1.48949077527,2.85745221303,4.49787780629,0.4861283917,0.524452676001
5.60603957547,3.3132180473,0.759448323287,0.766045338898,3.1972774249,0.455807389618
0.275807809864,5.46286418466,5.48507321636,1.57522220648,1.61147390514,0.349399802522
4.51459314373,4.65797823097,2.40464704643,1.49643116567,1.06057950123,0.609035636056
0.387050239089,1.90816203954,0.824601583565,4.79017628798,0.485600373218,0.366583542279
2.68450267023,2.52947116575,4.39012885727,0.77668947163,1.50942412873,0.693562063849
5.5581357719,5.17464036485,3.06168350576,5.17957214474,2.7353626656,0.473989992285
2.31918979399,0.519920549138,1.83300073118,0.870346551942,3.05706125871,0.57094363772
4.14698098039,3.17275679511,3.68387073115,0.550490471013,0.29377340813,0.496602031496
4.16334930757,3.53357231026,1.44634745735,1.27763693445,0.746069055463,0.584841271785
2.56586622241,3.96537494883,2.81210921334,5.16553233188,2.56684009529,0.906381515573
3.50556703881,3.37635254594,5.84966084841,2.8307982622,4.77288240789,0.599177419969
1.80026841048,5.77660992497,4.54377642673,2.14207278673,0.751624744151,0.447960544245
3.4113002341,4.47003807247,4.81735420738,1.0543874699,0.353446614188,0.466796549651
1.13078733194,1.42399638023,3.43643922763,5.95269760783,0.90102787645,0.411652571183
5.25081104685,1.26667344118,5.13314097386,2.63611099503,6.00394123707,0.373455668759
5.43489840645,5.56965242321,6.01686279589,5.22706405988,1.32981026745,0.290844339232
0.81064858837,4.69335205301,5.29195854195,1.25914293131,1.1781578571,0.412142257161
3.18734593501,3.04506051674,5.84882662339,4.34835506075,4.45272347188,0.5854318012
0.626586323978,3.70192752187,4.59422377498,6.02372037815,4.94588700552,0.375986419193
0.773325006461,5.51579194023,3.74353425093,5.07287000952,4.64918162407,0.419169037686
4.74568921447,0.876574376479,3.88768080726,2.90929769231,4.62019925016,0.625875562886
2.04017326844,5.99942635723,3.85163034408,5.07133269974,1.45693732426,0.448137864387
3.74567107166,4.63241752682,5.04082854756,5.82233356903,5.97587957076,0.34238110223
2.9144730937,0.0913215430244,1.25491232177,0.506504249256,1.4028872463,0.395548553076
4.91034132181,0.556159775546,1.78486339198,2.80435997681,4.85894663492,0.510405285615
4.35710766792,3.17165065784,0.64160480306,2.31445295263,1.90939673059,0.709591094022
3.34988360152,5.37170624757,3.46265566639,5.62913639912,1.1249449198,0.467515851277
0.628253417957,2.48346180181,2.43013642178,0.610857202324,1.75297683827,0.541131159432
1.08071307526,2.55155428893,1.43531868216,4.06984788721,4.77595558472,0.639730342
0.0602253831049,2.88256598516,1.64110549579,5.0505532887,4.83690797465,0.43324441177
4.6469859359,1.9872010534,4.93714514831,1.11520250599,1.848859309,0.575756875101
2.44045335954,4.76503696407,0.151718146332,5.33882427211,4.27891596206,0.422888726126
1.36256249039,5.6407916659,1.14997428213,4.17772232766,3.72534281473,0.500231871046
0.175727626729,5.4113341298,5.07475277544,0.603967208087,0.389277151291,0.280485296613
1.9385376755,5.03029156355,4.79025982665,2.12868361816,2.61431564646,0.696293441811
0.690600771481,4.65926385678,5.23768035088,0.16764604436,2.80025462963,0.382324060074
4.13201029612,0.723714167037,4.74749417739,5.46978315419,0.847923709891,0.396072205941
4.33005656834,2.53342621792,3.62818832614,0.293960405401,4.80987650916,0.556183876229
5.59665297439,5.41968297434,2.41693285334,5.88921545438,5.60068662216,0.302584893375
6.04717548522,2.26219014962,0.466330653442,2.0135021885,1.93852281442,0.428283244394
2.64424493008,4.13152312026,5.53896951027,1.42655068056,4.07162776473,0.606891818244
1.81571458428,3.41182110899,0.691760804742,4.85197837909,3.21841082481,0.65029552202
1.28353804297,1.85301769413,2.27316314713,3.87117111046,0.52694405081,0.600058324392
5.05679645596,4.14843392644,2.62058650102,3.36683153575,5.39628333839,0.603500084632
0.146032263277,2.49462347104,2.3624115421,2.35872333032,0.302257893999,0.465200565677
1.15658399627,3.57968667753,2.91920074439,2.35814965189,5.66215037481,0.615772487098
0.800687404253,3.82980390621,3.22778341825,5.97413302278,1.62655196984,0.46927949911
3.73031728307,4.20207232909,3.18776914532,3.29716280893,3.15987747639,1.40302337257
0.701800928715,1.34856884569,3.77091491308,4.53900061705,2.34469833664,0.609711603442
4.7295971603,1.61039312447,3.23015399938,5.55571175999,5.35119464102,0.453818039738
4.77585663357,2.59741095121,2.99691574492,3.1733412759,1.07347158977,0.829372172275
1.84483814731,4.64039801802,2.42658320749,3.99253441621,0.308181467601,0.568662500836
2.10677787849,5.59693586598,3.26357651197,1.76634976638,4.65359316943,0.592850548561
4.11663991094,1.75662085438,1.43407801518,5.38888333741,1.65075677189,0.562676256677
0.42892750913,5.07759940545,3.06345812835,0.28390741045,5.18927897422,0.355859711428
3.03355907581,2.2892630681,0.448939690722,2.35584283395,2.98267232438,0.804542731304
1.88362289691,0.270952361415,5.65571088973,1.85683413449,1.05221104869,0.386884474338
3.13802344791,1.33400114225,0.0929853856811,5.66290625384,2.65102839756,0.426290393798
3.14348968553,0.551678892469,1.78396072062,3.45519751916,2.43986247352,0.768369256217
5.88471889377,1.1470355466,1.01956810014,2.63276243293,1.54085481733,0.435897768488
1.83535923669,3.2303624908,2.6480556007,5.19691681233,0.0563435701249,0.49937886003
3.39408523556,1.2556793297,2.04780668175,4.00996248049,4.73606469427,0.761117564901
3.58923927614,1.62864845795,3.80368912734,4.85656223726,2.11291106796,0.825936091119
1.97412828947,2.90314201125,1.48640239934,0.0913389212048,4.9888212286,0.481498629807
2.55034115738,0.439689217277,1.93785728228,0.202320961892,5.17348485136,0.393134674537
2.45282842595,2.93121013692,0.0708460470742,5.76643021961,3.39532632894,0.46096776806
0.947250310998,0.753918928432,3.64290458643,1.5749571039,4.86565116821,0.495456924817
5.78596480916,2.42986015454,1.72883257975,4.43803074447,3.30592405145,0.592977442196
2.23713586019,3.13098883497,3.58523177766,2.25174943755,0.455466235052,0.770644784475
2.6476909992,1.2921222443,2.14546664391,5.48539738734,3.84228506216,0.638657710465
5.59624857499,1.27365662787,2.04341483504,4.20088119345,2.44759577785,0.575271736892
3.36524305946,5.18051595341,2.45864482164,4.95604888711,2.36339569428,0.693841667784
1.15320409506,1.66848673346,2.90218999393,5.12587484146,4.3979197705,0.599999771386
3.06024684122,1.43848544227,4.86136952034,4.65042883104,6.04581193227,0.436537498165
3.42296249609,3.26654752873,3.41003317366,1.6270701836,5.96668560804,0.620954796212
3.46242429703,5.72995788707,2.76384871264,5.56105718742,5.74113118708,0.373202732684
3.17578613463,4.59107462176,3.03121601894,2.39287991223,0.181024960448,0.629778097632
2.83429349129,0.0911127760191,3.60936023696,2.03717533163,5.75412926433,0.446974063886
3.50852384325,3.03911413182,5.51048926331,5.32374189323,0.380879208595,0.419775579494
4.58977798974,2.15931387571,0.826461802481,0.549043232611,5.25652174556,0.415670875539
3.24368214984,4.52990655799,3.37231994428,2.16150556308,5.50501282511,0.688858026763
5.45720176703,4.23530817936,4.73747321879,2.50652133535,4.33828082458,0.567628484718
2.66553489518,4.83486231515,0.100979901402,0.46401100138,4.44376819906,0.393722318623
1.0171571841,1.06605128042,1.24816629369,3.76725481022,5.18732225224,0.473623814106
4.13735094177,1.15416191106,1.85917809856,0.736289793499,0.200966086186,0.417342504583
3.16123322217,4.74271425821,2.53563905756,2.65876026236,1.8430396945,1.02736046568
5.06386294573,4.45382912971,1.69309562067,4.58676076977,3.82627982374,0.614186609762
1.31394517728,5.34773148531,4.02372349832,1.62610840291,0.352136001276,0.429158842748
3.39624666188,1.80695560611,4.59281393335,1.91122751162,4.47503779352,0.801372938217
2.1597055102,2.84625095531,1.06563983284,3.84044261838,5.55163448129,0.599209097602
0.991043447537,4.72376830833,4.50446859638,0.305777051864,0.68732434657,0.372051279584
1.79500449374,5.60699321718,1.88196588299,2.77708609699,2.94352655109,0.687223446469
4.28508654585,5.11934332272,3.2136631685,2.11630247985,3.16606056083,0.833526925768
0.281177312702,0.2151994191,2.61324732557,4.45382560361,5.21857509732,0.365866512146
5.99328861309,5.68291087764,5.57862298462,3.62322192088,1.76357317931,0.33642574939
1.40664790375,4.57161964255,4.00491260642,1.37164226809,1.94679602424,0.676617634052
2.56861022164,1.53508346495,1.34352259024,0.154830648355,3.79476206545,0.531840481643
4.92462688442,1.70964612171,4.39528646618,4.31298360916,0.630409729828,0.508778719759
3.71179636801,1.83188256064,1.48882380134,4.71680353871,2.8334830984,0.824405829274
5.22211464882,6.00630399862,4.61297196471,0.400275154477,5.92277627305,0.271160510613
1.66946826292,1.44148131013,4.8289743828,2.64061941752,1.47909092437,0.667255572094
4.54755659153,0.889719311996,2.09950117675,3.53810997647,1.37668872017,0.641691355708
2.70690128051,1.68043577987,4.50087100421,3.26575166079,1.38549105292,0.850554695194
1.15975127757,5.88407506935,3.54769277576,0.490439003848,2.69922740477,0.427483197601
1.9427065821,4.69872851858,2.56051897468,1.66165198625,2.96429447201,0.909989166542
0.477932991615,5.76866298169,2.99440083214,0.956521385687,1.35907343987,0.386178026156
0.772459979079,3.62621851216,4.42445911732,5.51623352517,2.03508195378,0.509018123014
1.30391560988,4.17787204175,3.69075264906,5.51682505162,3.12884640386,0.621417768777
5.81955293669,2.86956925116,2.27200978346,1.39271121839,2.33544856542,0.605258490542
3.37813065462,5.39963996684,3.10186937317,5.14333571845,4.27494485746,0.583736930691
3.55870223032,3.33992606087,5.68871484307,3.48847135797,2.25930903971,0.743820002236
3.55812175158,2.43065490843,3.49755460009,2.94582695285,0.930461046836,0.98336727665
4.87001482155,0.877745449623,5.40545637488,0.941856794115,5.07525194428,0.365901436309
0.963564180552,4.54614231483,0.586966397831,5.75815775432,4.45493193171,0.369213239759
2.50185638491,1.15758587356,3.1215566616,3.95541728087,1.27301037756,0.796639568249
2.01171188206,0.63287234973,2.459307876,2.46710793778,1.7156288711,0.724326019607
2.04493277255,0.865255332952,3.73729161955,3.38381171288,2.10698017584,0.836282415533
4.94798158091,0.988684445003,0.216987883572,1.49960589089,4.25276441114,0.409739002871
2.33205767222,1.90659781985,1.03656989205,1.65513003397,5.55855144295,0.53045912807
0.222893893733,5.84329026721,3.439208142,5.58065307055,1.4996374523,0.334443913364
1.85411134108,4.56687464893,5.31662492816,5.4768742699,6.01546376733,0.340566559248
2.53353179059,3.79371266701,3.32334375462,4.84004526995,4.41336988593,0.882183930169
2.88030006208,4.38265811388,5.01846845972,1.83667037005,0.26931394219,0.504788712646
2.28813112208,1.36951808928,2.19778562477,1.63378105941,3.96029030996,0.862255678258
3.64290974273,4.55581535187,2.27152331969,4.31462880347,3.11246051835,0.989563187961
4.03337894477,0.570452468079,3.3267124852,3.59194760193,1.83589912351,0.725539499659
0.212987368789,0.92892621147,5.45090355568,3.16220999764,2.28288378486,0.423651945276
1.90378719775,5.97596253718,3.05200451696,1.76128327204,0.106145019793,0.400487701446
2.89247722118,5.27026067044,2.67745683765,3.07846706295,1.11596314077,0.723304771028
5.46691442882,5.68418145713,0.655690383369,1.0757219662,2.46130683436,0.359980004182
3.58297790038,5.22190351879,2.13198878099,1.25667952077,0.814485471589,0.530622151213
3.15756703546,2.34750071176,1.92419168638,4.81055155349,4.01106446302,0.916733592399
1.27956396892,3.2302374472,0.929626804588,5.79408557862,1.40471981495,0.441477954386
2.34759961478,4.45255354251,5.30521871002,2.31921414775,3.57529637791,0.732922538935
1.39449417291,0.0902868783907,2.96068362318,1.3374643361,2.00449879228,0.505033347265
2.53585724575,4.85200469203,4.28493664518,3.36795807073,4.21931982009,0.839028517446
2.83144470068,1.37976002817,3.23231395089,2.60682684152,1.02531549615,0.850230079749
4.91678129259,1.54818370942,5.13105551112,0.353482412327,3.71678970802,0.437808024245
1.38906858863,0.162362061241,0.10209387041,1.92507029597,1.97736273802,0.381004489917
5.70928935037,0.431536770027,1.2094807808,5.53672467585,5.34484652255,0.293457466865
1.89924293547,1.33996316368,5.11775469666,3.68305317755,0.644219850298,0.513649328806
4.63411262009,5.69836042803,5.89227934547,0.918565286478,0.479127129297,0.294083711841
2.22313452702,2.26950591468,0.945737782203,5.96188853971,4.02626203255,0.495463233617
3.42933829915,1.66745600346,1.88317538577,3.59718628479,2.22244283635,1.09068753876
0.88771188566,4.52303566101,1.6133015833,4.17684785224,2.29514108512,0.641596161543
0.733512723758,2.38196674064,4.45645474658,1.14261940396,5.58885178924,0.438746465988
4.31294530831,0.425014264877,4.01864317785,6.03941904169,1.59303817187,0.390478257367
5.6796918478,3.71552782008,2.26373430812,3.56399581696,5.02634237164,0.56628443334
2.94004854885,5.9407525551,1.58970437381,5.96504140969,1.02915635684,0.35315412325
1.91008415671,3.46594415312,3.61093312025,2.82824787511,4.17832145713,1.22007759315
4.37923647352,5.83774037319,3.1234452122,0.977920980646,3.12681528121,0.524241226994
0.112498685204,4.2925758388,4.72493874764,1.24239469283,1.91845853584,0.449584935059
2.61465754203,5.63218527028,0.347876937183,5.30708104818,5.8691012395,0.306137977054
2.63379761059,1.59200269248,1.74545362552,0.692227320116,0.504765587602,0.494011183232
1.84431675771,1.28481641332,5.49338225088,3.79952990958,4.38941948663,0.553582705884
3.51611146863,5.0532676149,5.16060000893,3.16294146598,4.58762045179,0.598889898929
3.19039659616,3.90667747282,3.89558900497,4.12474608401,1.75069071264,1.05416044244
4.91620505943,2.26721074127,3.05250167485,3.8136733815,2.99590962805,1.01279571615
5.90639363791,3.23001589952,2.93067827889,2.62764534091,1.90678432623,0.673917784128
0.437377688492,5.98160224539,1.07635907575,2.08288657045,1.04816978608,0.347124380234
5.10419486926,4.58238302236,5.26142776119,4.06402912675,3.87036154066,0.528113744646
0.685544775745,0.691219343174,2.53943181408,4.23630146567,2.2329207961,0.555057669462
3.16727996487,2.85507200971,4.1234297134,4.20268196292,4.95210902856,0.864434640452
5.83574031948,0.176679481252,4.59827362946,1.30289836945,5.55187087855,0.303405059481
0.299901466976,3.68406866413,3.85038879283,2.68581300221,1.52842197699,0.635086020529
0.564759746737,5.6883886064,0.238217734626,4.32666552269,6.01210175179,0.273089229833
2.93745459454,3.27573163344,3.95318010547,2.1226669373,0.47732026873,0.762072069132
3.19020779838,5.4893258626,0.993707903244,3.23180402029,1.74305051873,0.592003734405
0.561949877111,2.68416302363,0.881358967408,3.87481139851,2.78726336301,0.611881524672
3.64999518849,0.114816741482,1.19759906842,4.06073294585,0.523905751062,0.412343546784
3.20578677922,2.21224828496,3.49997896573,5.69882361191,3.21498746886,0.755130255132
5.84713421184,3.24926284003,6.01870721476,1.85063925387,0.940651749499,0.359158715298
3.19701574378,5.40466968957,2.03059001451,3.92673489197,4.15056074251,0.717173113615
4.0402468831,2.30750715014,2.33259055308,3.58950859293,3.81742665811,1.24644731086
0.474163602551,6.03334332097,2.40682358292,0.391791397387,3.07040238571,0.36048262461
1.31404685075,2.79314398622,3.62696832863,3.96987260518,5.57136103192,0.631677337014
4.62435297503,5.10406786414,1.84725356025,1.96739739775,0.0988398244748,0.43711171061
2.78701182953,1.41585895282,5.24738358605,0.505491431766,3.76707126778,0.515023993381
2.70843678679,2.86710888039,4.66452768231,0.394519351215,0.0965799673358,0.43305605451
3.02776901479,1.12674989731,4.69776284867,2.58999385286,0.708839850725,0.594892645821
5.83709299273,0.877834372862,4.30939048538,4.89583898116,1.45997010654,0.396305096092
4.26844198843,5.63621171776,4.24780843041,2.25182678846,1.038666231,0.512237967283
3.82065472235,2.32791676328,0.841108505645,2.85949801573,3.25838027392,0.919753045235
0.728869717732,5.43540612194,0.120476578358,2.11558945074,6.02020531525,0.291675184461
4.71560909291,3.3774599094,4.96977252097,2.35605494606,3.92253473106,0.755770502983
1.43315224245,5.17322246915,3.02408638121,2.35654039606,4.1581713908,0.717674718771
4.62540663795,1.06105798931,2.12727327641,2.20993061465,3.18096949334,0.780027892228
0.438368096119,5.83917858782,4.41444154265,1.72320572847,2.69646769048,0.428341224226
5.70622422575,5.91315292694,4.89555713282,0.444470528036,3.79675097436,0.316768561526
5.68657679813,1.54983686684,0.430106008504,0.771735136482,3.88837221808,0.37482112647
6.00920057841,4.35452734786,3.6892950512,1.64222383335,2.79176765169,0.547882853275
3.4517285327,0.676869764639,5.26752762993,1.31234862556,3.80866805314,0.519621276328
3.7222894799,1.58249087881,4.43605405149,3.00320918676,5.12714241218,0.708314091173
4.4292548837,4.4482251613,5.20089774117,3.34670844409,3.785266135,0.679305085454
2.49955850484,5.37123334225,1.32006151176,0.295901337792,2.42832345734,0.468727745199
0.404078121638,3.15506839114,0.334425442485,5.3163074943,4.92372902386,0.357984656893
5.30327593484,1.05694260168,5.05244565906,2.03002388396,3.40280578816,0.51556513207
3.14838732669,5.15907053807,0.557593846754,5.0822177286,3.4196978011,0.496013806914
3.8980460471,4.95671178529,1.45679128573,0.0949209294135,1.66864032336,0.449868785427
5.34969975346,4.17644809522,5.90232444774,5.64549219478,0.650431937639,0.304435269173
5.11353896291,3.95543608806,5.11255895733,2.8721425075,4.21476027581,0.612189907798
1.80376731413,5.91481332887,3.95152844767,3.70424306304,6.00416031237,0.394423588163
1.24623368044,2.46841989989,5.11320723689,5.23819119055,1.58066380283,0.503830787241
5.09513755164,3.54148475901,0.536631488778,1.892149675,2.95718422335,0.588922703405
1.77945827746,4.38525149799,3.97338542712,5.04864364894,4.55917938047,0.625621549548
5.5438071949,3.10706387643,4.88760404861,2.60224775015,2.29237630332,0.636764019812
1.48897745049,4.2272242,0.328830767121,0.650713379648,4.5654965879,0.418509141931
1.97183514258,6.03950957501,1.73702195177,1.95959978826,4.41376972102,0.500700168964
1.04155390097,0.667168889558,4.03580747526,3.48349747487,2.00034520358,0.603005787559
3.63028754071,3.69431013744,3.41695463793,3.80187806053,0.100557417926,0.662122044944
5.34244488309,0.795391477753,1.25942721027,4.28825758349,5.7756466937,0.360480357157
3.57990241703,2.31385812864,4.9972907135,1.16616602507,1.57216393839,0.65798518636
4.86283802902,3.68111949111,4.4271555833,3.62097192885,4.55747084296,0.725574413207
1.49649690474,1.89498023559,1.32872164426,5.94724062757,5.33940821811,0.393177277935
3.96151200578,0.222103542924,4.45679097637,3.74854266707,0.0608107548907,0.400599239492
3.15826855967,5.83528607726,1.92425624436,2.75992510079,4.89860243111,0.559176288712
2.7664315265,3.55010720592,5.96700520509,2.48581133566,2.94468227243,0.693109146073
2.70245795803,1.11527816718,2.68414029884,1.21557787909,3.73804019621,0.801967023561
1.17785676482,0.567779282043,5.96339344891,1.38166863705,2.49957351829,0.386293870299
1.62504891373,3.04184560004,0.521384123285,1.98079121167,0.0745858254989,0.441840279961
4.49193066676,5.78419838075,1.69667075762,1.90165766749,1.42214122303,0.490863097586
4.07393075659,1.23959262559,5.08158470164,3.03505183701,2.25343801176,0.707016589004
0.391156705666,4.48761488108,2.01939843343,2.51402677587,1.50089105359,0.572601966718
5.90188146677,2.40682822643,4.43132605208,2.90276185093,3.74811599398,0.61010594624
4.99363002434,2.69823129039,1.99672363996,3.28645422678,2.99179530008,0.984803320353
0.136289904969,3.61285733434,1.20940282927,5.79257876097,2.66197235715,0.404933275007
4.56705134966,1.34990499372,1.26426381012,3.13767120052,5.48074291065,0.516414697374
1.81152211776,3.42232257242,5.61744192497,0.516495977095,4.12572481303,0.478998620457
0.96570747675,2.93927124751,3.72090930902,5.8882713586,5.1964789289,0.438051320809
3.6967873477,0.324616467375,4.79818213122,5.87052548603,5.60185982264,0.3237687749
5.13972312065,4.99058528447,4.36087441857,5.73652510234,5.86256756645,0.321794980649
2.33100583603,3.42498799057,5.93622005056,3.62589772172,2.42351383641,0.66784026576
1.86647885322,5.42371974928,4.41845479946,2.01270780606,4.46594201061,0.578200672931
3.24257042708,4.91938576306,5.10165172545,0.983306476778,1.87346209911,0.540658535515
1.54519987483,2.42365017898,4.1652301838,2.68421999081,4.39548724254,0.921362998532
2.55439407497,2.81335600427,2.68287452063,1.37866450878,4.49089012383,0.981792527237
1.387984664,5.135763757,1.22766570295,4.86331219104,0.430394820707,0.394072328902
3.56679212271,2.56891776375,4.27714019124,5.10265684281,5.8223195231,0.512168468204
1.26868128964,0.924951602915,5.01772345432,1.77158202553,5.36284928341,0.426138196733
0.207526311825,1.92786121132,2.61883806428,4.94051919399,0.427729992915,0.408582470351
0.230312148133,3.95917032535,0.208840948286,1.76234661512,5.65155714205,0.333953501233
4.07347509532,2.46726454323,4.81882155993,4.13080563124,2.51970720787,0.888598987942
0.108579360623,0.734962979286,3.92924501378,1.85480874615,4.92370597256,0.410402724234
0.37113333975,2.50802906745,5.85862388533,4.57279416816,2.91449712693,0.438486906612
4.44637172038,2.27500867793,2.09218037249,3.29185724348,3.59871214419,1.12544465812
0.63350136697,5.35138743796,2.97611735683,5.50912249714,0.82921653477,0.368488274165
3.66821354972,5.70390994994,4.29786879044,0.471220587472,1.23993240464,0.417804050803
3.04551910158,3.93335706174,3.66413306836,0.13215207387,2.07582752614,0.649648196043
6.01411657211,4.49388048865,1.11165691345,5.24246718179,3.14808021385,0.401074815559
2.4438790585,1.66543719977,2.03621678307,5.32622998074,2.40977817045,0.725746590926
1.37929893886,2.27597547247,0.872861978125,5.12869033335,2.18454188153,0.55953778321
1.94567060378,0.840839452803,2.20670296344,3.36742521745,5.18779296109,0.612582033225
0.177718719228,4.27577631102,2.21915928156,0.513874846705,2.00589785966,0.446994370629
0.891539151036,3.38329341151,1.33040960354,1.1487372525,3.40151107139,0.626235328106
4.04035355193,4.64211823237,1.48838749515,5.26339163001,2.00650933187,0.582281447635
0.448012731739,4.02917968686,2.18294054255,1.40125561117,5.65359599761,0.437886052958
3.71282644705,4.2104681079,4.23770377458,0.598723521012,5.75313142926,0.457642307292
6.02741841006,2.76993624436,5.68370181798,5.34222549811,2.66607001806,0.370123942866
4.90186330028,2.20541042668,3.26327927977,4.18653264421,0.699504935061,0.624301179044
2.21510133222,2.06852368315,2.34156913485,1.57744430894,2.86196318362,1.11607589928
4.08988250337,0.785573061597,2.91735760106,0.197200395435,3.46507449217,0.521639151458
0.692138407309,5.96855261631,4.84954512286,1.40433890641,4.63981320598,0.359783816785
5.76941925254,2.21309915359,3.88044019865,5.6224285932,0.354467387588,0.35790922501
4.13543045249,0.431883112978,4.26171759436,4.98188153226,1.28275355328,0.468315029459
3.69222543195,4.97585716079,3.45852876935,5.97706722189,1.19638958313,0.46063046718
2.00748257621,0.263659851233,4.58506189001,2.48996782605,3.07908160724,0.615329475786
0.995653575992,4.05726834338,2.55679819006,5.80220304838,3.93551956865,0.524681336159
1.61075331144,4.72967224078,2.01907714959,0.530694670117,5.077459959,0.469543291467
1.72772011613,5.99188704692,5.11968844669,0.59412317908,1.11542153943,0.340100857836
2.58329332802,0.667905048698,1.57421749569,2.01564779957,0.526915327584,0.506835587326
2.12567191679,2.82822749433,3.22804222791,1.36446311274,5.09961163806,0.773436563242
2.38390478598,4.32032647996,5.91909723744,2.35000427077,3.92085988922,0.591210774772
0.540773655406,5.05971392342,4.23581396949,0.814893210984,6.04353654126,0.324093868866
1.13302873248,4.72652453012,2.45832254962,2.18304177299,0.532891590432,0.540133899236
1.54106644624,2.29833898389,3.65169984295,2.05630399529,1.88824642744,0.983082512848
4.09806997031,5.281347671,2.49982780977,1.83975225968,0.587764585875,0.531193499288
2.2726742673,1.88641606154,2.40421737579,3.23673777581,2.61898075746,1.36514125519
0.598701255222,1.30375376292,2.95554850735,2.08277772421,3.7241278597,0.666172777091
4.62553653811,5.09452427563,2.921071172,1.46319799272,2.58264479652,0.686267542216
5.10500240166,4.44486170851,5.67434838551,2.67441469642,0.787448611278,0.422436637301
2.16490633086,1.86659623087,0.659123606894,5.42702232708,4.43853280597,0.489679950054
0.7456420101,3.92486009236,3.83547496001,5.76068855021,5.83583515102,0.366315437284
3.83874936904,5.74877517465,1.91678423875,1.77046971153,1.91678868564,0.584190178092
4.86027856275,1.42194964348,1.80231011346,1.47405947416,2.58100147742,0.671618980256
5.91249271383,3.83928091474,5.74369269271,4.49846895822,1.92898076327,0.398289787017
0.0765326165196,5.38570350931,2.99915345875,2.24656339549,3.87348848121,0.486171050736
4.53491836879,5.88953125201,1.43614896691,0.0891844498467,1.34958329741,0.340741998374
4.99228594904,3.81935357532,1.84620546951,0.66318751726,5.69104928849,0.422400324174
1.69843089172,5.02460025214,3.36405228462,4.33479695765,3.24677682068,0.783195499969
1.16219370932,3.84944461929,3.67244525867,4.1201920092,1.74950030606,0.808417216047
4.92070390385,0.0643469543933,2.16173043089,4.62701358927,4.05704357127,0.459255485025
3.16153055158,3.59120979466,5.06194151664,4.14667483527,3.25971890184,0.908303076378
2.57174765699,0.328120376869,3.05268160869,5.46045895331,5.10073055652,0.438749605725
4.70384292089,4.09073042172,5.41323565274,2.45234816336,0.688760971313,0.486423240302
2.35873591816,2.69762352165,2.87978170114,4.01553375927,4.21790122888,1.24506707286
1.52674630433,2.43069820918,2.16713309288,4.81954394438,2.33463265792,0.837401560523
0.175218203021,2.11069946256,1.78151736268,2.23634412906,2.1169155591,0.601758724014
2.49416360832,4.96594203135,3.89704538087,1.12584369627,1.49378342912,0.636673441357
4.064687294,4.19510335769,5.88345810515,0.793376369538,4.31444032964,0.444976380276
0.208386438665,1.60623968862,1.90276287064,5.14226010734,3.14059007296,0.486650037673
2.67106586755,3.15661006147,0.78784368559,0.585871686609,1.10799199108,0.514560260759
3.52720468465,5.94060955413,4.24391748208,5.44563033942,3.49200226189,0.460922229484
5.63608238836,4.98919266697,3.1662115037,1.65143184816,1.38588503938,0.491220725018
1.53706774025,5.20584038637,4.89642976237,2.44046968928,1.04614734535,0.506766271933
1.75035298288,2.8529945798,3.44139278881,4.40915159703,3.94819543641,1.03489257637
4.13126452149,3.64484431967,3.65062937602,3.10032005963,2.49923022837,1.35506189946
1.82301783445,6.02953982891,5.47076953088,3.44686357557,5.5719009314,0.351093243152
2.55689638976,0.820996288068,5.42415183863,2.33404500732,4.2798963619,0.558579928479
4.3638488803,5.47578496738,3.29000108771,1.61882958478,1.04107787423,0.531386243037
4.16558130753,3.89418770765,2.23130452254,5.48146152209,5.96395373247,0.440689433745
3.26064627527,5.87471658441,1.81791959019,2.47408883614,0.351172265579,0.454088951993
4.43569977327,4.59366552118,4.28090811786,1.55944854644,5.1487627352,0.557597010484
5.43984672122,5.06036676251,0.976289144656,0.807902381805,1.42462419063,0.376216074912
3.43118851464,4.42273043142,1.7245018208,3.766772314,3.5051822419,1.0330439884
4.04953226284,1.09749848749,5.13358000667,1.48307337533,2.23917787729,0.582984649465
5.07716400891,5.24788885472,5.67870783871,2.39117146427,1.08761670086,0.391068429176
1.2462190162,0.0972239086396,4.00725204036,4.97977475908,5.156563998,0.383337252368
2.17477737979,0.954572696005,4.16628876697,4.98704824871,1.77446217935,0.599689418115
4.82131452463,0.790175115709,0.388522209446,0.892400298417,6.02149543645,0.29769222992
2.44726443961,4.36572645943,1.74936498587,5.15087914612,4.54823808599,0.63459283962
0.116426670579,4.27870452528,1.63235313807,5.74755099663,1.26127778586,0.365060367687
2.29274932634,5.24263852163,4.20741266165,1.67603824778,5.66166735461,0.480196130134
5.58200086424,5.19628644967,2.58628982242,0.323962249372,0.610123922517,0.338590005796
1.57096473468,2.79704747841,4.34962669065,2.37097098134,5.82919925105,0.577872021859
2.63263761736,3.3739135385,5.51867865372,5.15701991405,5.58469160792,0.435694266122
3.69613890432,1.25604216737,0.863832474223,3.28478847259,3.80520798299,0.72365841588
2.94208394462,3.60081875762,4.87420069795,0.883073724625,5.63808316773,0.492178657048
5.00415163683,4.30933587205,5.10181715961,4.36834162696,4.87008999043,0.487371831248
2.34024618459,5.81454691378,0.747926599841,2.00001455284,4.01310124367,0.488874940611
2.38862130513,2.33814616681,0.574017157955,4.52683925878,5.83680154891,0.45298249394
3.09674414087,0.780450768931,1.61273260202,1.49812888181,1.16079580665,0.57147566194
2.64774008488,3.39512667205,0.194626223044,4.07900278473,3.89997664523,0.661177171152
3.34760568216,1.7215340814,0.911723789822,4.00115958255,5.23265904935,0.584682854447
3.96223004861,0.388976526632,5.81752498545,4.00026518352,3.81977164377,0.447340561559
3.78353212792,3.12159206263,2.67362708404,5.52262383781,5.81140868949,0.499928101544
0.232385258447,3.15891353473,5.87422482401,4.11945009184,4.88497808518,0.388312958888
4.73579152611,4.54491874052,0.23294979258,2.72659915121,1.23256919314,0.470480353188
4.0658083245,6.03748307823,0.0982092935611,1.45425719449,4.82906108857,0.338782934346
1.91806802488,2.25883585203,3.91764605837,0.81237911991,2.36720051031,0.784430886205
5.31328591713,4.01764195632,3.64740055129,0.54799914044,0.2674311336,0.395487406676
5.74364864486,5.31503550511,2.702990422,2.08681824081,4.45322632717,0.477989088835
3.36550940151,4.02163016572,3.24518375521,3.1755221027,4.1592122074,1.31371150321
5.11998348759,4.54762785805,4.11140778986,1.5433503633,4.10052556497,0.607618542461
0.882910602863,3.6487390347,4.20200473805,0.878927399675,4.00679966842,0.593107856965
0.0737849399247,2.14192863938,4.68570571135,4.38676794485,3.29513986114,0.522169825546
2.0823016152,5.51797666616,4.14107970622,1.00812700229,2.51123930506,0.565262853203
2.89497062246,2.0130628554,5.04384508527,2.9324960051,3.04402901413,0.983393031453
2.07398128878,0.635695902897,4.24429056852,2.69921944092,4.61489986541,0.637183179096
1.7633745777,5.94819243456,5.09636986253,5.25563663324,1.33921977657,0.364140396994
1.54719085901,3.40879613861,1.03993119195,5.16337061236,5.74773860451,0.428267757477
0.819210610533,1.06916995852,2.10987898325,5.80377102257,5.3006818715,0.364557282318
1.11686173062,3.19327611944,3.8277370703,0.215854292558,3.07084093322,0.587364618819
5.72643271496,1.07130069693,2.70640305307,3.69241317636,0.495270746608,0.434922158997
3.13490967974,5.70531726819,4.04025386512,3.87039336347,5.60044039251,0.477578978183
2.90048950026,0.63001333768,4.32313443035,0.947581784658,4.66742381019,0.516258355753
2.23128356006,1.79985416851,2.72135757558,2.1096778257,0.67203727362,0.750694357823
5.05383417491,3.43703649117,3.95429746172,1.00836600309,0.934325344767,0.538980785008
4.40476178154,2.94844279603,2.81048972138,5.62753848046,5.58008838299,0.486080064808
1.7815050708,1.8301771249,3.59586930008,3.13713719225,5.39764131712,0.715524278153
5.36349681566,0.68013697854,4.62091744263,3.06319689864,2.37375101556,0.526553108891
3.86205877069,5.17861473164,2.68142380837,1.95142505217,5.86416752978,0.502665046564
5.90733749797,1.65458306938,3.52535851043,1.03013765478,1.64251636392,0.470325315914
2.2405883561,0.288350877709,2.3625649687,4.52627896064,4.26013288938,0.579591444901
1.60302533005,1.94357674112,3.6811545906,5.02838449061,4.20786232135,0.708977753025
4.11515090435,5.98985148244,4.22259068575,3.61684793503,1.31282736401,0.50239758471
1.38723796183,5.74161384015,5.94672984902,1.44467619181,1.30564247525,0.343754311596
0.0904065420129,3.75423021831,3.19209770049,3.35001951486,3.03418843335,0.704464406192
4.83140498613,2.98043482735,4.19998185673,4.84157618854,1.43954525335,0.640171858993
3.23685502191,0.625834627152,2.0827966922,3.17935412285,4.89652292942,0.65950050994
1.27179103638,3.94046220594,6.00467141319,3.51018732255,5.97419528852,0.370296936342
3.87969980542,0.973811363805,0.0965737897479,3.07018111916,1.09854075552,0.456003244199
5.67171304704,1.0733926327,3.84998697207,1.0970440528,2.25104128484,0.481822640995
0.603811531264,0.384845660485,1.33393191011,4.8868484597,0.0849473957843,0.308506165252
2.00045724311,2.99735091125,4.06206073908,0.331243199409,4.35592853264,0.621586294675
1.48975438055,0.225025308425,5.27656688048,0.282495123476,2.9097682417,0.362883444417
4.52655390587,2.51627226966,4.30303495667,2.85637114151,3.34968416633,1.06324526158
0.724086084269,1.69912130816,2.7578035487,2.2817400002,4.90455918628,0.62212377539
1.29999993523,3.08571753386,3.64686007659,4.18745226959,4.68329176794,0.79622336968
3.01873916734,1.76559143116,0.961665741309,3.53267802999,3.73315065916,0.869551758694
5.03172236069,3.85252820852,2.91926329818,4.46997256102,4.04152916388,0.762961523686
3.56589019793,3.9644917667,1.45688020235,2.43595041236,3.66722995053,1.064391136
0.51002318128,1.30574331583,1.35343073656,3.24799840582,3.36126606348,0.589146843364
3.69442838648,1.50179805309,2.24811122772,1.5314748818,5.01669730421,0.688903999893
2.57267691539,5.30143681892,2.44113291664,3.69919582308,1.9256054135,0.804198081679
3.19532542432,3.68881335998,0.262974523793,5.21144498164,0.836329137074,0.442950523256
3.80612234193,5.82589399959,5.55360078529,2.24002927822,0.124313476748,0.344785788947
1.03962382697,5.95657550763,3.73205049769,1.78857609745,4.96650499424,0.426348305364
2.62209357118,5.77139643898,4.1007380203,5.08383261044,4.35825709587,0.494503681405
5.5496090049,2.95867386757,3.45077605262,2.66131662124,1.55042176301,0.718318741907
2.1835540564,4.19201301171,0.875117626124,0.14311672724,1.18521580594,0.433692197016
2.85051028125,1.90452520068,5.32844483026,3.62981676606,4.35780018745,0.720234955474
5.60751259148,4.79870072225,2.36239200217,3.0310280692,1.29462922429,0.544951929783
0.879283851457,2.96998860957,2.87834015881,4.31976595006,3.59835955676,0.861107264199
1.56466136384,1.15903504939,0.471748775206,0.318072448996,1.28117442058,0.370528188388
5.56234616681,2.48915985361,2.12212257293,2.74980844854,4.59611405656,0.657573728181
4.64851246345,2.71343362651,1.45050858716,1.66357671788,4.56619554733,0.692538379312
3.0537386397,4.27723407803,3.21512139144,1.91659188822,4.69378111006,0.932560965078
2.56250720425,2.09370347845,1.29234579878,1.98017949543,1.35069743292,0.788078638507
5.2956751062,4.10574146238,2.0713776376,5.58728233496,3.19536320585,0.523907894184
3.9728702978,4.74780639295,1.99865586165,0.0901407320254,3.16927942578,0.540542575015
5.72681151217,4.47539638377,3.11826863807,4.83477521774,2.04694434212,0.529072587081
5.13645224165,2.18651220856,4.55905886188,3.95883679023,1.31637584164,0.609354317586
5.42396631549,4.66058131643,4.3527141364,5.77969895367,1.13256563864,0.374854520241
1.09109615951,4.93264289258,2.25287237252,0.118828066117,5.03897434247,0.39376605031
0.247764222393,5.98920022943,5.16916898259,5.71177480511,5.43266606968,0.253247900125
5.84347937131,4.64017134424,1.87006582175,4.47911126022,2.59402295175,0.515334401121
4.60844437382,0.149415784284,0.2923297144,1.00382687855,5.05020965138,0.320179620301
1.48817084355,0.0934953688925,2.95236388129,4.99213710733,4.58403711864,0.450177715425
2.59213858503,3.33432146508,5.28311030676,4.53634625998,4.03059556051,0.718741837256
0.558900521293,3.66948028542,1.32164295357,3.17514441394,2.74402219899,0.698311680313
3.53733669024,5.28231176663,1.66508996468,1.59986938107,5.10262181937,0.535875619111
1.24276034558,5.61409384739,1.0803521218,2.87264027729,2.44768983334,0.52832640955
0.477547555898,4.26434314434,1.29066051457,5.1060269805,0.706738374884,0.390967556004
1.16526706397,0.121466853893,1.92942817291,2.54679495472,1.64972570252,0.504363817578
3.01367366293,5.44956727273,3.73259826127,3.93968227404,3.39478776285,0.795157354377
0.923703405613,5.05839886379,5.0798368938,4.79483686038,3.77783203621,0.460825310259
1.31538861429,2.95755020821,1.78689770925,2.00478567717,4.18188970806,0.854799521659
0.300377305581,2.53607693804,2.81022728162,3.36682208565,0.688956386365,0.555102776387
3.56456227646,2.77796287986,1.9483535765,2.77813819555,4.90105357754,0.986463879591
0.875994729877,0.188956903536,3.2489194149,2.82790895232,5.45920310452,0.424581254145
0.854359812564,2.18973073203,2.67321901133,2.846128199,1.30288248631,0.753523950745
0.619570153529,2.472741044,1.59264609689,0.589495871045,5.67580608959,0.38616656142
2.93980854408,5.23835193968,5.88000972064,2.28890807536,5.57005707784,0.393404285765
0.518706174234,1.30696480608,1.83871823155,2.31215598081,2.68170822357,0.62710858941
4.41000862786,1.25979447651,0.708058236653,0.52284780366,1.82923602073,0.439050794412
1.2346552105,4.92038856428,2.09414555534,4.3427377771,5.94744714796,0.432613968167
6.04420237061,3.41755006169,2.08925405216,3.60158330981,5.33125100555,0.474662333845
5.05452008401,5.61092845919,3.07036226568,5.48627188641,5.17733320878,0.370847268444
5.32734406913,5.45992835585,1.18433012324,3.80422875851,5.87817697805,0.34849129142
2.69358580757,0.916355122327,0.280971433479,4.54627689218,2.48962082116,0.513345939168
4.57126156517,2.85391367981,4.0615951997,1.779213648,5.59913248843,0.593014379674
1.16686379877,4.47830578834,5.33683836968,5.19601064682,2.71299290821,0.478207470275
1.86560394069,4.67562211126,0.819980438006,4.86345491552,2.99247265475,0.57738153831
1.70898757838,0.36378925363,1.98982541826,0.340537688439,5.1736769054,0.378295178931
5.45791683327,4.39309185028,2.0455588833,5.18586898655,4.87407839583,0.450791367149
3.90740352231,1.81465334608,1.46828191856,5.79052139331,3.12519679376,0.57546431891
4.74718538689,3.40377891915,5.51641913541,2.34608365365,4.69132529335,0.560656052582
2.06209845072,6.0351738352,0.962807505301,1.53756288101,3.10964872376,0.467446162146
1.17205212002,1.02473633404,2.76349580342,1.5162076985,2.20799562694,0.661030073894
4.71721747159,5.3927329522,2.31021441387,3.01410599456,5.9105736398,0.442058333957
4.11250685633,0.90857044338,0.463682653292,2.53159706028,0.68868975967,0.442356304069
2.75810169238,5.34895279238,4.08635840123,0.0636875393978,5.83831483149,0.351688785354
4.54704706306,3.29312147417,0.877110167214,0.18418331881,5.70856641827,0.366957776125
6.03960681984,2.03932817928,5.2015275732,5.41246913407,3.02542316404,0.387154563401
4.7613831153,3.86942130449,1.34363063233,1.96712306827,3.00439889461,0.789342146234
0.968849524273,5.47109304585,3.72944965858,1.35748526706,0.577535077274,0.411012490277
4.10982098971,4.32370124815,0.620843992923,0.269533534167,1.91853174251,0.449048858873
0.561536100973,2.08688087438,0.84457557922,2.29815608353,2.6267896604,0.586248326156
2.86016460988,3.54728692743,0.799963268572,2.58029304076,4.69079700651,0.757909525672
0.093642850559,2.75632801247,1.61932815467,5.33452186759,2.63579762489,0.476299835032
2.54511990837,3.75461188192,1.41483734838,1.04786008746,4.01387315759,0.761737345675
5.62743740373,3.42870774595,3.60192321253,2.42204835117,5.16876788581,0.571849732332
3.85702631486,4.97596628087,4.05766084062,3.91151509491,0.727887004985,0.596981404186
1.49499003474,5.86962591534,4.88182484899,2.94970648152,3.63490120647,0.514226020914
4.46602017319,1.36662467039,2.81105382685,2.06479172697,0.259876505304,0.548374227873
2.36331438105,5.60460350775,3.06044958948,3.81051371366,2.21700132659,0.742776412184
1.94393515573,2.49216677305,0.288564098887,2.19837530087,2.9969239146,0.696007376952
1.69488698165,4.77650503917,4.43607231919,2.04127356587,4.65856295355,0.641371763991
0.510766604317,1.723198324,2.63516062588,4.03718915585,5.54406375311,0.487623270211
1.61866415772,4.20349723873,4.38044195484,5.36169785903,3.60494645166,0.617067166153
0.973355186979,0.427194413287,5.18500577221,0.485350119914,2.18179226385,0.363718419455
2.38243380486,4.55587384563,5.33636780302,3.35340916409,0.726967326875,0.539016100734
5.12400486632,0.499752252487,1.60459955131,4.58235470775,1.05761426434,0.416901405599
4.94892531948,2.71607135079,3.93583983119,5.33204427835,3.12736170368,0.657489295716
0.345054883448,2.02177504636,1.56951811801,4.4335247377,0.0958231662365,0.391524706925
2.56194016759,6.0490791702,6.02216933113,3.7450182322,2.49302944653,0.409259764469
3.70526474579,0.795062943227,1.19274719892,1.64921435041,3.67953345878,0.628468515152
1.27641531654,2.65837849183,3.40403341516,2.03623611771,3.95888204374,0.990198224717
1.19860947668,2.70730543101,1.93456555005,1.40286104694,5.81888857346,0.500931378699
2.02493759714,3.9316246915,0.228134009382,2.39302949567,2.07052213257,0.635556004317
4.81079994821,1.11579400547,1.89946782631,4.84805826876,2.17488195263,0.583548408215
3.87428563016,2.01813733565,4.39663681733,0.561534367733,4.88589742717,0.550002129064
5.98869634024,3.25439043704,3.426059792,5.31982461418,6.00294826612,0.349921578215
0.905059681244,0.881761798966,0.199268738177,2.1388559037,1.79889969388,0.418339769225
3.44521425092,0.774271487253,0.829280889038,1.05189451271,1.62871680557,0.486863517005
5.94112833562,3.87598273739,4.97152830198,1.07384101291,4.8912115987,0.390758174616
0.467251011271,0.0995352076948,1.24142300572,0.151113921431,5.74062174519,0.259421771102
3.11946210607,0.348835547855,2.20307815603,2.83276960927,0.171436376243,0.482933918214
2.11396143927,1.99939282156,2.95716292228,4.06524427029,4.28399000103,1.04476944145
5.56943989806,0.805193922928,1.52129902201,0.384832271954,0.240341992317,0.30247515797
5.85965527292,0.400432060929,5.16532245627,0.154685767395,0.364933621808,0.25212166057
2.27722347968,0.708540369767,0.55196036164,0.794223709194,2.5758997075,0.458475815383
5.10993806639,3.80153456972,3.14789849851,0.331005293417,3.96959284903,0.55006065397
3.66986354284,2.14733879071,2.1947277755,5.90152018117,5.46141822053,0.469448069041
4.20634658483,4.54605591567,4.28495593011,4.78593480832,0.147808528274,0.458269266231
1.27451582769,4.39897393369,2.24846423523,5.44020401913,4.82788310157,0.505178534903
5.99752223755,3.89198275817,0.473318201163,5.42754649465,1.10456295043,0.326258341688
2.33566131108,3.91243982023,1.76816020194,3.97098044642,1.58829668202,0.93222440582
5.47834012508,4.54404769196,5.60954989134,0.104705363157,4.94006006102,0.307857435217
4.54167489303,2.29062696652,0.235873562151,3.99219533342,5.02472089777,0.485335282977
2.49146053951,5.75166441186,5.70825657235,3.61797919413,0.197245079104,0.352084701302
4.04496014042,2.82767012362,1.73428835066,5.57976955481,0.553826224174,0.491095400299
5.58229995039,5.61521642852,0.429017056166,1.0889960971,3.03711704527,0.347573453751
5.01850359236,0.641180820783,4.29557445144,4.45887925571,5.78820431042,0.381398293076
3.84313245088,1.29926996594,3.84122279003,3.11289952677,5.98183945292,0.548994353631
1.35843242765,5.8129443472,4.99522240355,2.84712761986,4.39903926342,0.46362850039
2.2075287489,2.15508127804,3.41206116568,5.00141394999,6.02946341276,0.507743105118
0.185467301233,5.50241033756,4.63561103467,0.428393556014,1.83152787404,0.33515027145
1.88828541975,2.54391047485,2.84850996694,5.7027623077,5.01568752625,0.560701660178
4.13647103362,1.76325495498,4.77759467908,2.86473935462,2.99171461041,0.909147801115
0.679468803357,2.90969091892,5.55512495316,0.886383762894,1.38124170509,0.416502906296
5.87028357302,3.3303494761,1.5892276482,2.77740116234,1.07974320087,0.524249869414
2.66762266519,2.5793383727,1.8018048449,5.57774789103,4.95005258766,0.582391108579
5.72556737033,5.28794480183,0.580638617129,5.85198232297,4.54391431243,0.293822157184
4.35301992223,1.7210040766,5.00275922796,5.25975233363,0.847741208975,0.450121243126
5.61186229585,1.69059286748,4.25788940903,1.59868696838,0.228237369839,0.40379561829
4.33971962949,3.16544922473,2.2734957881,4.21061677984,4.8726380008,0.8115304472
4.12222219027,2.13805774733,2.08335759137,4.86212669487,0.586974289918,0.583676802262
2.70898183492,0.502564249686,3.88267203794,4.56296850201,0.306474238118,0.458737935729
5.24573322131,2.83974758376,0.98433144555,2.71458686722,5.67914812712,0.467481657917
4.00207889564,5.28087495971,4.13128759362,5.00011487941,3.78090960162,0.584910126459
4.85485875625,5.01432543356,2.01305576958,5.03774333197,5.76578549999,0.395662992481
2.54768151712,2.30693036631,0.338895384488,0.10306951306,0.820128046399,0.385944469272
5.86213365352,5.21353253624,5.17088152741,0.265337011947,2.38974858323,0.326210522278
4.59542729709,0.43148610916,4.31478429872,4.80949945937,1.10193337943,0.439594161563
4.90047815757,1.8618676822,3.49069473204,5.6050779582,5.4043424952,0.440233121133
1.41594333427,0.723557030988,5.6583204809,4.33343780165,2.2298142348,0.451888792644
2.19723380131,3.33840515591,1.39787590365,5.51326475095,3.46839258224,0.672873043113
0.928523094563,4.27758665848,5.75513423687,0.502243927432,5.05184840986,0.345269576532
3.56066858613,0.148710428593,4.29959940987,1.27372993098,3.74010460732,0.535879165478
4.32660248297,5.80896636248,5.81625926883,3.30600534309,1.70018789984,0.410430968301
3.29651080773,1.64946017374,5.84790679959,3.65597955308,4.71653589003,0.543500288688
5.93452101212,2.28229276063,4.54005874649,1.50449375875,2.26530011948,0.51881694515
2.04218475301,5.0531184467,4.67253403596,0.453636054782,2.47191316913,0.50779669658
5.6788054988,2.43877405377,3.97057496724,2.09510838041,4.22015266202,0.635300177688
1.60854017396,2.65916120098,1.18971623289,2.44727251581,5.63771012185,0.568424651435
3.36451884982,3.60961167028,1.09270832359,1.06381239408,1.96130953595,0.715821548034
1.82120193386,3.37719744943,1.53907079042,6.0050184844,5.77303423502,0.393917722665
1.89250516248,2.72419954334,5.26748833997,5.44428364314,5.04037374089,0.463354205319
5.8719558582,0.0608816019632,1.47312535615,2.39007172411,2.60854037534,0.40415231379
1.53993011465,4.46611745112,5.4827794667,4.7853255659,2.10324739132,0.5144813391
4.48557584856,5.99437546075,4.44862412822,5.62053687184,4.94984979111,0.345532238785
4.50511650425,2.8708664139,1.63507019024,0.195056052188,3.44719767247,0.580963649995
0.734960102825,1.64651842984,0.755909175525,2.18573430927,5.67513886968,0.402938902382
6.04941263703,4.93191306567,2.17373581425,2.10204535297,0.667685433601,0.400642120126
5.15889876175,3.55100673042,1.50955900117,3.5825305934,3.19302709305,0.796021928025
2.64368887973,5.32515545818,1.31216626617,3.28990193113,4.84755869147,0.592430943016
4.93723131081,4.96516911949,5.22503042888,1.14055734345,1.80987525887,0.445643937256
3.79030934419,0.774082723589,4.14894084317,0.39581934941,1.02907891928,0.443151458296
0.34266077519,4.56017201203,3.47407779599,5.22137329806,3.35416880191,0.505554193058
2.7228791578,1.62070148014,3.08508870571,3.11369645994,4.52651759445,1.07184774348
5.91256245416,5.40538479895,5.49537424458,1.17824972762,3.09965263167,0.346927172674
4.94467720709,4.44937005615,4.66776300917,3.71830017117,3.19213539859,0.703395761132
5.66316305111,3.33621907969,3.48025482929,2.27550687905,2.8310980697,0.769849992045
2.41526397041,2.46435425289,1.50037455515,1.40666989268,5.87887211347,0.534636004836
1.91709086918,1.66144418571,4.26794126423,0.346834680407,1.3963047043,0.521288817102
5.10758622124,0.611915420623,5.08211837116,4.14592737534,0.70309296459,0.383597140338
2.8131972031,0.243648496073,0.130453792467,5.9715628269,1.37828540737,0.309340778136
4.52251495901,0.921026521958,0.186637315172,5.65544308987,3.26204202703,0.374879530401
1.0864533984,3.68735760808,4.72808435755,0.0992687119114,6.02420101698,0.336922337648
2.71486430129,0.190319539851,0.595501913509,2.14079684114,1.01866082506,0.426964467946
1.23327794336,0.265048157847,5.93669848873,0.176114735679,1.80303392417,0.297331254054
5.33060884836,3.06777477812,0.949801560671,3.5114413821,0.123044328438,0.431441918492
1.964904976,4.67289433914,3.17891669781,1.27668801414,1.61110417799,0.724593356607
1.51468078481,5.49439232364,2.43500631078,0.650582918891,4.44110223955,0.468517489632
2.97556469112,2.82757725369,5.03780972486,5.17095793334,5.26683368209,0.52535940163
2.28797045968,3.14901019158,4.94016875133,4.78070969494,1.06656475771,0.617187039265
5.84079759581,2.34365118168,0.736384409673,0.441049164311,2.10147350432,0.384904662152
4.24634501724,2.16924052473,2.7715483131,0.421395024051,5.58268116535,0.485079606058
0.598371452349,2.05640513143,5.30847768813,2.34099975954,2.50936810544,0.566178922721
2.96638949894,3.94659701046,0.458192306533,4.72858836715,1.0898515629,0.526464121811
2.23175552063,5.507820545,1.49439022208,4.78132323462,3.35052764804,0.573321963361
5.65511987279,3.31951531382,2.71719852761,2.41276395177,1.06260590489,0.612367235053
1.16350704949,2.28699861483,0.433204075079,1.57709113837,2.00069838799,0.540751229116
4.9629665178,2.98871063261,3.16609905648,0.847559033362,0.666988559132,0.527512454407
2.3486163522,1.97102906609,1.79640016947,1.92632934464,2.58179418945,1.07998368133
0.726351920907,0.304776224499,1.81813857291,1.91597493411,1.89223432851,0.470970367422
4.77576379721,1.35001417952,3.49106375497,5.30830295254,1.42397730558,0.528288699282
4.75014347946,2.70776754123,5.13508132423,1.99706568163,4.54345168779,0.621307313214
2.8769410752,2.21279682792,0.858511568392,3.12275940951,4.99444404999,0.703547470402
1.00123667704,3.82574820787,0.116205886553,4.76160982357,2.36105882004,0.46501465899
0.693692338342,2.86142031329,2.32923137939,1.17098278661,0.687862577505,0.513360902054
4.82452493188,4.01875225487,2.40452939324,1.08222781993,3.58226618759,0.727896512072
0.673308980567,1.08455492478,1.5687172686,2.23957755345,0.872830719533,0.470940994737
0.941549386621,0.73266518829,2.4063620793,1.19638882139,5.22274640418,0.436223151863
5.77257856496,1.97856895995,3.61949475514,5.97823271805,0.0540312467455,0.315827149821
1.97641396555,3.82131520357,1.50984027929,1.29923096301,5.8230512144,0.504920538936
1.10735706945,1.61722984311,0.935238494066,6.02185455308,1.61111304671,0.387326632988
4.80029007865,5.09813101524,4.31071493905,0.332863384333,5.9193647337,0.333361336232
0.544012800242,5.8847634139,4.24825271284,1.66925186166,3.79472480576,0.42892045881
0.596073042446,4.25875039995,2.35357566393,2.26354793788,5.47047818304,0.514752659324
2.67342026005,4.81374127653,0.173069503394,1.31830450532,1.89400486902,0.489256592
0.494992522831,1.98755469659,1.18731583072,5.80060889475,0.538319123242,0.339107028711
5.30428707247,1.98575885797,1.09925850267,1.48102323066,2.31530548348,0.564100447184
2.22652761952,3.75872520534,4.74840620751,3.33549909376,0.840386073563,0.713911437024
3.98620073971,0.209506671559,4.02764512289,0.68951579014,5.13729180077,0.404500424161
5.08436251432,1.15679970622,5.84080925456,5.65169976966,1.39385549094,0.328694754747
0.278302747656,1.67496848141,3.67269760252,1.14235182795,4.02283466181,0.523206456127
4.1993703335,4.19561242816,4.95809690938,4.85062738225,3.79778982354,0.634380421034
5.23489012711,5.98657777357,0.859834110552,0.344063364785,2.30707531711,0.322280874684
5.21497238037,3.8882145035,2.46198612576,2.27604236881,0.19589742607,0.516219820983
3.80397357917,1.4110757747,4.97868038592,1.76020446103,3.42122330151,0.724598204863
5.84984679378,2.02558652781,5.38396291149,1.72631274504,0.524073881886,0.363545452262
0.429712807077,1.78382592155,5.0735605855,5.92033444755,4.28419605345,0.362810186341
5.15482081872,5.81569471682,5.6278453533,3.27216328623,5.84852958023,0.306136621945
1.36546815651,1.91379921236,4.25353805412,5.15319972259,0.197245564581,0.436403265801
4.63081973979,0.933096003317,5.73918257415,2.87322371723,0.0581784929872,0.355806393247
3.78765087247,3.05938706818,1.09731085477,0.745474379218,4.55164889988,0.597562657104
2.97726539896,2.35240872777,2.55524121843,2.34388061178,4.2952061533,1.29437215791
5.42622597281,4.77538411506,3.20270607477,3.26932945273,4.38680283193,0.622068059929
0.151005123127,1.52389712473,0.898109716622,1.15605959046,0.831184992464,0.359486335197
2.8153331016,3.40664337828,5.27498582352,3.65700387946,3.59281470721,0.896209560964
4.41097097805,1.54488369992,5.04501948343,0.615884815361,3.91708767129,0.504658954805
0.852045880618,4.7645759962,4.6902598505,5.55737525656,2.18433901944,0.438791161588
3.55602094093,1.84657008657,2.94120836758,6.00763465961,5.297820654,0.476897594699
0.715763884418,3.16111429766,4.0936328546,5.09896228044,5.2670366773,0.476534869751
3.7455745089,0.841805042264,5.72464551423,3.73488187756,5.03403983059,0.448134093596
3.65625111501,5.93803668825,4.43247263255,0.682066001961,3.88261951059,0.449104388099
5.53426622494,3.06342964178,4.00101109491,2.09693349122,4.96332520917,0.58483886557
3.161239377,4.99159365727,5.91362968391,5.07567304509,4.24854901098,0.428284332631
1.5566039885,0.802395940042,5.59316679212,4.82397280308,2.90559705507,0.455100711246
5.39188163395,2.72189033618,0.314994546345,5.52875465361,2.14546766975,0.397890818591
0.696391244386,2.32230810855,4.39840154329,4.67334867127,5.35043574649,0.475148533177
2.6066652371,1.47562428364,4.64586177329,5.86307571785,2.25563481228,0.528022786096
5.85005841099,5.47801806383,0.475943905453,3.12970871436,1.81260336998,0.369535483688
2.08400805561,4.17710067187,0.362887362678,2.1178262605,3.46047030856,0.65922908123
0.518669118367,5.35892636766,1.53825839474,5.93778296801,4.28355149561,0.3432144984
2.75475967324,4.72847092009,1.20962636363,5.89383549899,4.81990065019,0.435929015407
1.35101606134,5.4447438793,5.84987328438,3.3804811442,2.55610739404,0.451273619289
3.19465219343,4.63779353495,5.79716279899,0.115176253249,3.05186347795,0.418948632145
