3.99029257364,0.857066596953,2.3489568895,1.60708516842,5.31646881646,0.54636032379
4.22665669572,5.46240771738,3.47492444477,5.52526722759,0.187604266336,0.369273000734
2.54206121605,2.98432325967,1.97632938303,4.07276781242,0.472113990356,0.724695778697
4.22714630618,1.27430226622,1.43860239245,5.71651712048,2.83180721604,0.517340281596
0.925995425464,4.28908090161,4.0049287838,4.81002177726,5.04315011997,0.514833706574
0.113910327718,4.5378941892,3.36641479774,3.2998165733,5.10352114834,0.491555491123
0.522151038087,3.6301478773,1.99501375087,1.22726509533,0.320409535999,0.437261438404
5.85742923281,5.30284589007,2.34987605915,4.80074607816,1.00931322718,0.383197811844
1.63005073888,2.3096905382,4.6854839152,0.452813056041,2.63153331082,0.59459843516
1.25723760613,1.26069148783,1.14353338467,3.66513073423,4.22313859485,0.608000678312
4.25470441112,3.41277280627,3.19714769182,1.54892773664,3.10470572054,1.12358215359
3.45747413496,5.8667823163,0.568949744251,4.49520956635,2.17582316402,0.449384722769
1.55722904863,5.2819596192,2.13700247909,4.57795383255,3.7970361358,0.618854107937
1.13890074418,2.7027600607,4.075804806,2.9238893609,5.78325865467,0.572681284894
3.21585283666,5.25574397233,1.27753864184,1.30693569822,3.64225726898,0.610470512751
3.76216759649,3.51807205553,4.36847447071,3.35664727542,4.12981109782,1.0958074451
4.1063019363,0.697730489126,1.40403537211,0.832387595046,0.138373038486,0.370934955719
2.39063071526,3.79153950609,2.57082591451,4.23029828854,2.77864615651,1.29120768046
0.280725322662,1.54517633477,3.75233080916,0.980854073485,1.51037597269,0.467882261258
2.58636102854,0.878679536649,2.32577269717,3.58377580427,2.07032721864,0.882552878375
3.26428606031,5.89012262735,4.82580336148,1.88018192007,1.04711794161,0.458212094727
0.0970413597931,2.19185101509,4.67359510134,3.98392924987,3.43471929235,0.554376217364
0.619751041905,4.50415694084,4.20037010397,2.04021698149,1.19231037171,0.538854455438
2.80022964709,4.98383989645,0.335986888353,1.73974922347,3.23613023423,0.564446073697
2.98067300945,4.10164385951,5.4099031247,5.67632737949,2.74586173059,0.519509118163
4.72115040881,4.66641453274,5.02586880374,4.34974066721,4.43023975497,0.534449944351
0.936804657022,3.93739399966,0.509928606841,0.565308837068,3.66405742835,0.440438773134
1.31414343083,3.77909676819,5.67251933427,5.09461810388,0.35734742605,0.370885470318
0.346512152838,1.40127678806,0.732431283224,4.53732999249,0.265517564487,0.338071298402
2.47806083532,3.32153065584,0.113617654177,3.47665359865,3.67381293393,0.69501261612
2.37848039985,0.439452445331,4.35661148456,3.86045577768,1.66370609151,0.613152714287
2.11087582679,3.47441196631,2.45848627838,2.34373200728,0.387342931357,0.737163572246
0.889482740933,4.28115832145,1.76777687361,2.3951564243,4.91583716558,0.600590090284
3.44419870112,2.37894023523,3.57708537407,5.45088372349,2.56100293598,0.825381832105
1.57490735033,1.30294609898,3.14398283969,3.07860972576,2.56212578162,0.987213084869
0.254765184842,1.25200180388,2.14290172829,1.53672330132,1.02886562344,0.447367668888
2.71242368992,1.93696608527,2.95855677011,2.71271446472,3.92138602506,1.39939524416
0.543265478554,5.42970026052,1.95591159567,3.23049453098,4.97286772932,0.455074100328
4.51704973745,3.80711934121,3.00538228259,0.953668452504,2.5581209242,0.810659167654
3.25145018914,2.02730167295,1.9398374166,1.0582385152,1.42457303154,0.747064685744
4.12024943033,2.63607821963,4.74372145521,1.92745297215,3.39586244975,0.931530065328
1.62744942924,5.1372773907,1.53506105622,2.64155208819,1.18312812956,0.587288580705
5.71475705289,3.75803606967,4.71349505337,4.68975663956,2.918292718,0.533545516049
5.81342033186,3.57363256514,2.61520329715,1.79341898806,3.18829387679,0.671873727993
2.56432496068,0.599856084906,1.96819202633,3.77699605758,4.91283295714,0.614334234536
4.8818730158,5.73112963943,2.38117100492,1.06295213086,1.76991488808,0.461920897006
3.27928197647,5.24108826043,5.94245735369,4.35885650577,0.217880243528,0.352793273481
1.10658806521,0.835294963563,1.07460427572,0.854206386736,2.1602900899,0.448679010974
4.82133939081,2.30418512977,3.71382654264,5.28815250688,3.27396101352,0.683915920991
5.21302604586,2.83813682355,3.20906095821,0.851697169814,1.74739340227,0.619132987822
0.0634667844686,2.37872689803,1.05265295158,4.30868860172,1.11903148695,0.433800399275
3.99371834552,0.834333635519,5.87748989849,2.18290625623,3.86393611023,0.490880354648
1.61671047946,5.92310329772,5.36725944341,3.76618952559,4.88721773692,0.39665890657
3.27315240004,2.45497224626,0.376238309795,4.71777154163,5.33202977833,0.484381251298
5.5208018035,1.72679943306,4.45069500181,4.00539525628,5.05097308447,0.492676180886
5.07672841955,2.943062869,4.76110353767,3.26108061012,3.91048928596,0.751050592439
0.305791293952,2.44417996288,1.96860608479,2.39175332174,2.86120151825,0.713231206334
1.37471791822,1.27537070253,4.37445141268,1.05728356751,0.213716646232,0.415929659942
0.317703054911,4.17864708498,1.30974919424,4.30274614759,3.7325104781,0.53548691134
5.01398739105,3.44566175352,3.60693412988,5.64091335933,0.790445154922,0.465556183481
3.05732367601,1.38087077628,4.40439529813,0.697214065405,3.27363922845,0.667784400266
5.02841958664,3.63732772149,0.430276050825,1.19554726376,2.95058482537,0.515925448587
3.67384920895,5.48097693999,3.4389387921,2.83217130533,1.75167106141,0.746910877106
0.25066760391,2.6442845071,5.86100547708,2.82354824068,4.73238996877,0.418357095981
5.36151378878,3.29743920199,0.0984017704,5.61307004804,4.62876751713,0.350072536636
0.553022078427,0.396095127373,5.18423899485,0.993671000975,0.401241358377,0.300139648519
1.10907891021,3.88513164871,3.45691198619,2.44567929093,0.0905623484298,0.545259003778
5.08282551076,4.5803569597,4.81498942431,2.59333462252,4.61130888737,0.558922445418
2.12707739489,5.83558130728,3.02546228775,1.70744582508,5.20689625715,0.491539355791
2.25717836025,2.27892775973,2.27982062244,3.76990364038,4.2793757571,1.13379437542
2.40549785207,1.79343824636,2.7366983631,4.11694900552,4.3936290174,0.993213497285
5.99867239472,2.91417719002,0.0849558244857,0.680141468519,0.843392228105,0.307412468527
2.36973019118,3.49937541158,3.97436011407,1.62388497757,4.49324796789,0.932881462987
0.409075095721,0.671151838849,3.26991288469,2.46700292429,1.95020567913,0.537766462608
0.294224729987,0.625358814548,4.132173669,4.27598231128,4.88195085238,0.409637497864
2.93010543396,0.223452846087,0.272945779623,5.55201620601,1.22786113554,0.335523328323
4.51796676387,3.97945838904,4.13354557268,5.58875395999,5.78883534566,0.41618567658
0.189776798056,5.73337992212,3.08829802595,3.84190447653,4.57201115635,0.424510578424
1.99141124599,4.26493958681,3.20732912162,4.43674112756,2.80170723879,1.02418574861
1.39314933703,5.75746362278,4.76578111578,5.49513789772,3.48092249443,0.403868132544
5.1195344521,5.96933970996,4.98093054419,1.56213077316,4.7204038273,0.366827796545
3.8123393733,3.16403503785,3.51182027144,4.23359100695,1.0987298428,0.902092498092
4.88391657897,3.69875872441,1.16052452511,1.09061688384,4.59828045492,0.537018865134
5.82724751223,0.272232595786,4.8588734814,1.8685551366,4.4012686448,0.368552513483
3.12654943312,3.36512123965,5.49422143764,4.39532133108,4.72217397409,0.614127122163
4.06274371195,3.96086166556,3.15730330371,0.535779276217,4.43430516526,0.657590222834
2.12323847383,3.85308754463,0.724239568417,0.241173153733,0.147073555704,0.364619250663
1.55594448046,3.50101466072,3.75652579314,5.83437382465,5.85008488301,0.415536025558
3.32286738985,0.270612467598,0.0604214745869,5.87902282174,5.61848014865,0.275177864768
1.41166980032,5.08957765403,1.14204623435,5.16067908697,0.759101688932,0.399500159013
1.49469754764,0.645035464129,0.137141022757,1.2537892135,4.84136393012,0.364330204731
4.72524393243,2.38025118727,4.75646707581,2.96125539843,3.86572828,0.819892668525
4.93285106396,5.14236256266,3.99849695289,5.34640804648,0.543830231202,0.386682239796
0.189196068287,1.67495348108,5.48002502346,0.646451304992,4.16959986001,0.360827857656
0.598558394081,1.43437759648,5.99406286998,3.41177422204,1.81692187428,0.421021792789
0.542438288044,2.38841029457,5.04224636661,0.249675415054,2.80815086493,0.431303802778
5.9864173788,5.23277486998,4.30488852685,0.0870868361854,0.754725287528,0.292971370014
4.8482783348,1.64594137993,4.98301632799,0.634574574533,1.76837958446,0.469613922362
5.26308273501,3.92683303438,0.792952634518,1.68250251952,0.303648566703,0.402289321106
0.796248012872,5.61138223174,0.575188412261,3.99570427958,3.85042773956,0.412027824458
0.585926132157,2.73942653588,0.071478225625,0.969319424999,0.374445157206,0.327986144791
4.33858977429,1.40424208198,2.54833147504,4.25457596104,0.665259797112,0.603600730779
3.84605478633,2.73797506866,3.19224451608,3.97684905728,3.12327271332,1.47256884849
1.13559438195,2.11939013796,5.28744814213,3.10738263036,0.15229618563,0.442382957863
3.57427181402,2.45361337439,4.00311154505,4.13771984346,5.81006908112,0.631893407499
2.6377603662,3.69064026197,0.321927173132,5.20619744584,3.61494800275,0.554762128414
0.139680058621,5.97140099534,1.51034271791,1.56125466823,3.17133607468,0.379808224369
2.55570435638,1.9872336873,0.157518842877,5.63683918364,4.15721396092,0.442578565013
1.29957175872,4.9820388639,4.25494580991,5.05984716783,2.49332922573,0.558830648517
1.74614186245,0.579645903972,0.353086350038,2.15430700128,5.34129347897,0.390117879484
2.7575010339,2.20306763954,4.09960159656,4.65328270002,4.13633781096,0.9151108482
0.327538544771,2.55532851545,0.480371001929,3.49587198255,1.85357986502,0.493864196754
1.29752267645,5.60884970085,2.30106087233,0.747921569195,3.00399450073,0.493463705161
3.753357742,2.50376599471,3.79432984284,5.68338969824,3.96429708926,0.686096690591
4.63965170152,4.30243619085,0.162393597871,5.5176157548,0.726834008892,0.345512886726
5.89449011786,0.557411468997,3.01520075785,3.73152441416,0.542578921695,0.385823469695
5.95052293907,3.53960187956,5.59609818711,0.824835512566,0.211559341193,0.300813187195
5.03835608536,4.91812823363,1.80261194692,5.07573140339,5.27142632248,0.421302965392
5.16926010517,1.776935162,0.118635351192,4.22382855131,5.07790239587,0.394956033386
2.20936226384,0.961709230339,5.55227353657,5.20127901505,4.27619918685,0.439210014381
1.36473783924,2.53310438479,3.66265687539,3.62285609874,3.64565207562,1.09457041219
0.429953194339,0.297930933162,3.594922675,0.721904548445,1.04086794842,0.353504686692
2.28958679185,4.15595657999,4.74502719836,0.173513340553,3.94688027917,0.532718176996
2.94016539066,2.6418243576,1.09948151618,5.72748660911,5.26821492403,0.468871116228
4.38171519914,3.67696227676,3.42377837487,1.46649774276,0.207477974568,0.565073548863
3.84253541282,2.04880526304,5.24606850267,0.344647326253,0.238117092053,0.379674417296
5.19638051131,1.24133412072,3.66732109661,1.84213071973,5.3858448846,0.490310783397
4.25375951962,4.54204310541,1.77417053477,3.30166132493,3.52899508083,0.923932362175
2.06118714241,5.23560186439,2.1582700689,1.30549557824,0.0508300061101,0.431839650714
1.15244999243,0.742765300902,1.18798172145,0.242683282428,3.73527663075,0.401036487403
0.956834530173,5.68957559811,1.83008445231,1.14608937459,4.55164397016,0.423340846053
2.55911378112,4.19430624304,1.9129782449,5.91527996932,3.82186664093,0.589043099812
5.7194762699,5.72011956991,4.75554205972,2.46069699383,4.76623009062,0.3804169561
2.42447583262,2.80303449115,4.83946145377,3.51699212678,0.266399297947,0.606299613916
5.61167984717,3.28694656263,4.55780599413,5.61403371838,3.17731705301,0.471818669836
2.99820549817,2.57801026676,3.30815171489,2.41672097813,2.50756752105,1.70772603658
4.38602328281,0.926745481995,0.0932078861464,5.61228643406,3.18941813257,0.376948756192
5.35091703096,0.856259870026,6.00414558555,3.81812903108,3.87310614695,0.39094611358
4.8271325651,4.16197327375,3.46745979382,0.325885961144,4.95523077924,0.478905935534
0.244562272048,1.27547075046,2.62731810209,4.2777916998,0.920852835053,0.461660597818
4.79298632709,0.116100278401,4.97654761072,2.63481300999,5.21715246529,0.392348503867
3.14676066864,2.33768945775,1.44583259823,2.92015196266,0.23527752004,0.644093492964
1.72583300836,0.171806688113,4.07939094581,5.03324799469,3.86248080898,0.483904506234
3.07720498684,2.22112765467,4.88867868877,0.33740788326,3.60272188142,0.601236850879
0.243518322538,1.51761687049,5.63917111289,3.45944413735,2.22212201938,0.442927502162
0.6817468634,2.74631801852,3.74305968551,5.29454703941,3.06284311337,0.615018056211
5.60827983645,2.87460000245,5.66134499319,5.47228670515,2.28328426395,0.391734572321
2.33376858099,4.46002471632,1.1397022423,3.41360261411,4.43286002291,0.754125110114
4.75751008276,4.84806454551,5.7086402559,2.16733706192,2.32024683675,0.500092311473
3.26904642061,0.0804021400411,0.392720814929,4.25150520131,3.52437314218,0.449729771652
2.80855627998,0.0690667922068,5.20283341848,0.75951073647,2.73509281091,0.42427780036
5.62442061903,5.20273335219,5.29252864654,3.98308868684,5.60597705798,0.336101858176
2.50160097902,1.86208751308,2.14785152049,4.53734350914,4.34260261184,0.874476713453
1.17918046355,3.87592810365,1.36892286972,3.38427130008,4.01041862032,0.774493952963
0.967767010489,4.59161743434,2.02592507324,2.38528040888,1.1090776513,0.603664006961
5.15540766021,3.70462808828,3.50746248503,1.13844047459,5.55914194324,0.489850002994
1.65478202501,5.31119656666,5.98221758404,5.85448247485,5.65072489893,0.276096081321
2.95833716006,5.85051094229,5.5677721861,1.08563752691,1.25316619425,0.378260399713
0.602881378691,1.52827605507,1.8599338468,3.12352123237,0.584518229308,0.498462006253
1.41946471884,5.49535408155,3.85311567048,1.46658880376,3.76290636122,0.575173240846
4.72842600257,0.306387260982,0.503611744379,1.22132422032,5.53196237728,0.322066571163
4.16442598579,5.20408123267,4.27765772005,0.301885560586,2.92569144129,0.496731149002
5.26402437024,3.73498357366,2.30262453903,4.80279048975,2.04067792421,0.652626830481
0.160543945953,5.16713172219,1.03394547483,0.92821741927,0.332752199055,0.302747418837
1.85232909033,1.31263361361,4.39679040598,3.64523321983,4.55719106158,0.716509596951
2.55518024652,0.205078501947,5.50958041644,4.78408567213,0.311342927164,0.336481870456
1.3328223057,2.64170032148,2.18551049917,4.0206785429,1.52864958095,0.84904707097
1.81376860686,3.64520003948,2.37626616283,3.89710225212,1.32767520992,0.924732801166
3.54759473059,2.76394585728,3.67304874017,5.04466839671,3.67749544091,0.95709852942
2.06535479288,4.80627866418,3.8653665089,0.665305539478,4.04949554088,0.60837232559
4.45262949442,2.07231194364,5.60837285969,2.12884349104,3.36870325869,0.638194580851
2.30850104973,2.47590717993,2.87691747585,5.25567425644,2.56688419551,0.905497808072
1.3207585265,3.51453293859,0.394146948758,0.915870630741,0.805101548086,0.416038437568
5.16810946835,2.19924154182,5.88769770546,1.71293341862,1.9049579333,0.464330840217
0.111501444799,5.03870872081,4.35629935578,4.86072043272,3.67111875265,0.430070790454
1.30850077821,2.85043239192,4.98366317811,3.79279173139,2.68013117123,0.796857545233
0.647409537307,3.09258891591,4.4784850904,2.98389141721,5.04456218148,0.591377709842
1.88008225867,2.65678983674,0.976915111902,5.62746535663,0.493304029701,0.42279757832
1.24213040923,2.26414106956,0.172539867702,0.696477460514,3.15099494633,0.45547420315
4.39010335133,3.35027604839,4.09414383659,0.101269337074,4.28174245764,0.546515743199
2.54619088884,5.7521179035,4.5017304301,4.12117266558,5.16745860662,0.476412917776
4.5412583621,4.32719251837,3.12379457517,1.37505751632,3.86160134173,0.79776387655
1.95054740452,1.30714820539,5.01311159752,5.88586307309,3.70005592564,0.457917386913
0.765762091576,5.53984602478,4.98416452906,5.59446588178,4.70625722818,0.333087817857
5.46029130481,4.56964945474,0.62843478388,4.00425172975,0.524251359656,0.380531880084
4.15199014816,1.54343712263,3.09235476744,2.41408359003,5.28366039352,0.713491244199
2.53503039205,0.567769323342,3.692118982,4.82267664772,1.61743805922,0.59366209312
4.28095906969,0.512319490302,5.14349801348,0.567389784776,2.3273435674,0.420273076766
3.25129423948,0.532711228219,1.50834439364,3.77520056465,2.92587844225,0.715198662983
1.6991521326,3.50429517641,2.21638034339,0.205559210624,4.08395067442,0.604433143988
3.24953934628,2.81049947426,3.82454771921,1.02089962421,5.5123075582,0.624742807432
1.41293792417,4.92651596168,0.279389104686,5.61692931056,4.62278295972,0.355698505533
1.05865056791,1.53494966111,5.25395073379,0.506764252443,3.96693913169,0.432027031332
5.30141479816,2.02692576797,0.697112973579,4.45867286373,0.463556415081,0.39828030889
3.6768073775,5.08185427743,1.7344709369,4.34430224482,0.772444956867,0.550572893387
5.49087343076,4.22212986089,0.693554946222,2.69635812578,5.84127372782,0.381930480685
3.89328578527,3.0636496997,5.41598678555,2.87559578715,2.93931466976,0.857768142386
0.881271145049,2.3289919256,3.63693781863,3.42890491544,5.75881414098,0.551268874318
3.9854715621,4.85832496106,1.37684483241,3.37351368361,1.83747118185,0.737999521684
1.8278491069,2.35519399067,0.0503894244514,4.1883309824,1.53482133092,0.524967614359
0.269467654014,0.347920714438,0.285820687999,2.04916141145,4.24509704395,0.341175113239
1.17765334663,2.74657783351,0.775682897544,3.66014238142,1.03223723742,0.56687301965
5.83164217066,3.69541314041,2.03359171644,1.54143355347,2.27850640987,0.585352917579
5.47203445628,5.56058331527,5.49594382888,4.07641346607,4.08720594974,0.381127197224
4.42962689782,3.37235439738,0.889752074593,1.65563712594,0.872277462382,0.556478632878
4.9953778388,1.93352208877,2.31925849344,2.81725674226,2.96907331143,0.941915072799
2.25402948888,3.4930998236,4.4901854886,4.87362494202,0.717253485227,0.597311823085
2.980135582,1.92776706853,5.17018631818,4.21283068818,1.37771602051,0.66833526375
4.81152447139,0.284314399657,2.10986185413,3.22060674067,4.09268119516,0.565242089223
3.062549836,4.56357401355,2.5579295491,4.34788379031,5.57958648421,0.620533723915
0.739865614267,4.75396797267,5.83416494226,3.34955158873,4.8722664103,0.402500820757
3.84827497221,5.3087125103,4.08220423129,0.821926810529,4.83120804666,0.492169203811
5.15385291086,5.54991741589,4.12471262714,2.57949693089,2.09223715491,0.543271702556
0.590232095937,0.288732681191,4.22274083577,5.18614672346,3.87440105065,0.396874822375
3.19649361233,0.151215080448,5.96010722043,2.42430109755,4.91034028955,0.38614139667
1.22658219299,1.71785179817,1.38173737196,0.266064873798,3.35917275807,0.499722778604
2.5712289714,4.29378354215,0.389330597941,0.87066483197,4.41983967027,0.494478452768
5.1483982,5.3473176609,4.55790247533,5.98942936186,4.55779102189,0.345829586566
2.55376991197,5.69761133591,5.70875125479,5.32093344042,2.46349523436,0.392339478004
4.6679491056,2.49722347453,3.5772012078,2.94252063984,4.58867882816,0.91783504146
1.14025196209,1.20959108437,0.770097282443,4.41192740199,5.60411155983,0.393520620276
1.92051897144,1.4009562165,0.272206444496,3.57954818604,5.58906669494,0.430993232901
5.63786883376,5.94832557343,3.52278302299,1.6794973665,4.42988313294,0.404652357116
4.56479444545,2.94347876646,0.160964539406,1.00664318323,5.29920571656,0.403686188104
0.80014000132,1.38140280049,3.25729210798,1.5817919044,0.978882021151,0.537008700392
5.42956368921,1.10832786925,3.34011424751,4.09096764829,0.54475222311,0.458393187646
3.88757161602,2.43164556182,5.49356647676,5.72913523391,5.35129094417,0.395172069896
5.58250258357,1.296836809,0.355474722311,0.843353343887,1.75458319446,0.360155477805
0.350809963175,1.60004235035,4.83835899298,3.22353828483,4.00584409948,0.542907476972
2.82300288786,2.88913351659,0.174386501611,5.78660740785,1.87559970563,0.453367361639
3.16140843073,5.28275580666,5.02362722198,2.95267599545,1.07056999724,0.553800819664
4.19899484205,1.8929401972,2.42457011624,1.60292439805,0.724239106317,0.661148392834
3.50919273856,2.89281414655,1.4661629697,2.52523588564,0.598812248376,0.734509614364
5.8569497022,4.97269862443,5.22795227197,3.34030127076,4.66533026484,0.401499961525
1.34853839339,5.01424757572,1.96369417949,5.04416405324,5.52037715644,0.427544902265
5.4889105474,2.03129597612,1.25807131525,0.770020261679,5.28968571483,0.39396680732
5.58452448093,6.02744657658,3.16866818624,1.13392772688,3.98284816158,0.394915623097
1.55690239799,2.85330575509,4.71505059177,2.9591336576,4.25152955574,0.861070961292
1.51322979833,5.04569265821,1.721993634,3.48565358038,1.17658014023,0.602795873069
4.21448417756,1.1863381356,4.95240536307,0.536965293888,2.09740809289,0.48881971566
2.68710390224,5.67536565611,3.11904084201,5.17743836636,0.130332598502,0.396104158452
4.49797023201,3.41856362201,6.02986502064,1.23029645756,1.73019520644,0.46852787664
4.64820207365,0.228052172197,2.27743749281,3.29699789354,5.11875757002,0.487811950091
3.31548190855,1.73478762748,5.43209494156,4.33898187929,5.60613629493,0.471693755653
1.44895873065,3.06141426255,0.597405225732,5.42137242331,5.79953419739,0.371990616628
5.13318406045,0.298562064251,5.28190360446,4.04887512183,1.39805250306,0.388776791268
0.799119332707,4.30631916406,5.11062058184,2.93533672462,3.52455842847,0.614084359035
5.33370578871,3.39648291846,0.0574043250763,5.36463023631,5.02704131339,0.345272590671
4.10146937866,0.236446390787,4.98875882656,0.497243622643,5.38893974432,0.335835897365
5.19183371864,3.13276244067,4.29364760625,4.24603167903,0.108277173487,0.467072751336
5.85467274333,2.16559072671,1.61481491295,4.3155273971,4.08685972396,0.535446292235
3.28829406139,1.74461455803,3.33379015437,5.93954270595,4.10820601873,0.600977652142
3.95096597462,5.79918348532,2.41334619417,3.29405576662,0.619992458963,0.504163588446
5.09654859548,5.83034748981,4.39241760192,2.76153895402,2.31529685031,0.503248677094
5.60244712633,2.1789976695,4.29354557733,1.83932661821,1.5465456877,0.568837009503
6.03826862314,5.91510014355,2.49737048418,2.48804407687,3.53813171418,0.424931475643
2.66412607361,0.617827729676,5.3051184947,1.63623827883,1.84752029638,0.518425280471
0.937784678538,2.93389975147,4.74400847667,3.96176647361,0.447301915274,0.506587432394
5.28885782064,1.54050597865,0.867441005305,1.99584327206,3.35926275862,0.553887699644
1.79364681015,0.735990224754,5.78652646452,3.37720437854,5.63588712718,0.378272881624
3.51068591118,1.82952537761,5.33548624656,4.56999891704,2.62316140133,0.680632757233
5.23475610499,0.332077903256,4.56229239084,4.42076337966,3.53007297332,0.45761885155
0.128355225429,0.38418297003,2.52787801413,2.63599673667,0.905564800177,0.402724044816
5.68264752834,1.46324810456,3.94961284503,0.85501101128,1.23779214549,0.431661079952
5.84386748571,3.85654453079,1.11951382678,0.591209361834,5.85954746687,0.319114005636
5.99229852919,3.78950894269,4.50443075187,5.7116498367,2.67745744495,0.411563870035
2.16000288502,4.24111155243,4.29418193559,5.4714392983,3.02535449128,0.665357465999
5.16742465334,1.96071461769,5.04884602314,5.830245331,0.813141852912,0.360123510055
1.57766732921,2.09986525598,5.57493840733,1.6761570785,3.92340437642,0.585863707198
3.16000594608,3.14085153078,3.96513397063,4.1109417594,0.441954582189,0.727023551709
3.44788811905,1.78719935357,1.97274946895,4.17927504914,2.9824301984,1.09676407602
4.96732556358,3.96411674104,4.95405496515,0.933173541168,5.19925281305,0.440010965978
2.77708052218,3.30511392033,4.08324185297,4.2506500161,4.50678973128,0.985149728173
2.98701897953,4.78630496214,3.29046707753,3.69439424128,5.74527875256,0.613716671723
0.126627438341,0.330540593007,3.53815051373,0.501410838416,4.76957205158,0.332820540937
2.0716731509,3.99671826745,5.42455694034,5.47398336839,5.82374228363,0.372747274935
3.59927856368,5.87124549269,2.14188327937,2.82775658777,3.00716196024,0.695929632265
3.81830989433,5.07168879992,2.42961907862,5.04352581026,0.684581995044,0.504438599698
4.83848288529,4.56776769663,2.82941431808,2.81556682048,5.83578862417,0.527907094179
1.26556469972,5.573574859,5.26887506271,4.3650066778,1.15064495772,0.398999234608
2.40824857582,5.20013384797,4.54373440781,5.23713965708,3.21670660524,0.567355599597
2.67240853391,1.59474207228,0.853086415482,5.12909410581,4.03608408956,0.578107667223
1.15184091102,3.28200361,4.00333712718,4.31734535597,3.33463549708,0.881112918742
3.83354250601,1.41682350838,0.523996080457,0.991682724153,2.16702850363,0.524686056129
5.19377260691,4.52641085274,3.04398648397,5.57615372457,1.85646560319,0.497791248405
2.48191627258,3.35367469647,4.6815104757,1.14343465721,5.87237509945,0.502049677971
1.12481951794,0.54540738473,2.95909386236,2.13770219066,5.82399885194,0.429894390104
2.54301056618,4.96874761045,2.19804972798,2.02126901499,2.78018870159,0.931605086889
5.59153972238,2.10219162006,3.17415257228,2.01312215616,0.262032558382,0.475672656033
5.06347107838,5.32560831185,5.66217082959,4.75712788396,2.26824771024,0.394065682115
0.423422918619,5.93295337297,5.41707741775,3.50279170947,5.41029908689,0.311084861558
0.568791379428,4.6211256159,5.46657648392,1.61922647078,0.757965375981,0.376561629821
5.30763479547,4.52521260539,4.37068100059,3.75679774686,4.94940387008,0.529012737488
5.73951788386,0.98680440929,5.64734907188,0.724284982774,5.27428737541,0.294831888265
3.79996334612,6.00276841269,5.74287119571,0.0548167936027,4.27526893607,0.307878769779
3.60877859802,4.81481847275,5.25819420965,2.05476033556,4.10299417575,0.629973136536
0.714560790254,1.07780047815,2.53993466164,2.29621714871,2.68998935233,0.679294276183
5.97163163413,3.88840068268,3.53084170514,1.80392435758,5.20436839572,0.47188775367
0.407227322976,1.01676313205,2.9571362485,0.309374425919,5.06153041581,0.36836605566
2.1020830401,5.01875957951,4.06786481112,0.757483064456,3.26145235113,0.620377416663
5.65052921694,3.5052648969,3.71630736268,2.8450119677,2.37294921135,0.756950243403
2.43770089901,0.917684892656,2.4786534875,3.96411362244,1.02515221265,0.677802623445
1.88779889328,0.53830765452,1.09775040421,3.01444441051,5.88619335786,0.412442656336
2.64554703453,1.30587578369,5.98049546743,3.24130286692,5.54503049921,0.427086613543
3.5293022679,0.152942455714,2.77540643938,1.40265144371,0.640266840559,0.463903595955
2.1275827027,3.09585069738,3.58459581232,4.16801235977,3.41653379042,1.3072228926
3.0042925742,0.864776811139,0.832114754177,3.94556826626,1.37833607076,0.562340627065
1.73583419753,0.481764532987,3.01847000812,2.11558910881,2.60765717731,0.720664537474
0.752341962228,2.48031650873,4.1891426637,2.9356153139,4.65036513488,0.69137415138
3.11316071559,4.90575791289,1.34197832621,0.637200604947,0.143952122863,0.397874001673
4.77017893036,2.49219183175,4.51588332944,1.42288035081,3.10795316127,0.758249846135
4.22141338597,5.55858218763,4.80898253849,4.921623856,4.08552492279,0.472107557466
2.23080953781,5.62203502545,5.59316045622,1.55303465235,0.99915818072,0.395440108978
1.69722689738,3.95002469689,4.24749174712,5.58208463341,4.51157884861,0.552241126714
2.29684752109,5.20913364533,1.56581045035,5.17884357871,0.547569560933,0.431157717023
3.03484330726,4.63275576249,1.0245950114,1.8989921456,5.38544208198,0.541363338872
1.67718713268,0.819780296322,0.979283408919,3.41362553869,5.46130690392,0.458387467836
4.73303205645,5.51534158054,0.0860022869473,3.57810552463,4.76071789647,0.380864462117
4.43091348365,5.64479899245,3.46328323759,1.09188582901,3.38213067703,0.554199920657
3.72371360659,5.70552313271,3.4251437305,4.23844634001,2.60682849447,0.679685028939
1.87405741448,2.68906985139,5.31622738911,3.07373702472,2.2067143666,0.808794977232
3.58268927744,0.12045252378,3.97253701652,0.426681620651,3.12085684383,0.471392984786
0.525977297763,1.72273038117,5.85832304497,1.29801626708,2.22578819809,0.409527758624
4.87033465367,4.63633843906,1.21219735058,1.88905124096,1.68219180749,0.576607525309
0.119994489023,2.14955323559,0.188562500943,4.49437931489,1.26247518485,0.367998358262
5.95852112867,3.20577906222,3.59019316447,5.05002047252,1.50324011302,0.485757720623
2.99095405975,0.319542004752,3.51350358585,3.41749170816,5.54785828841,0.523162934004
4.32197330773,2.08559345144,2.29135952601,2.51541362433,5.18274016343,0.764227859697
0.403201159409,1.77168248277,4.26195845853,0.97160174471,3.5643257227,0.518738647868
4.44129236285,3.6107243848,2.39244918703,5.42979286642,2.56264222149,0.718669539967
1.66773325109,2.52380333343,2.64323654964,3.97018244303,5.7560291425,0.638327939402
5.12890354008,0.763297934593,1.85626251423,2.14543934128,0.0747005187564,0.397917256147
3.78239446029,1.75181616461,0.190383424568,5.72058326289,0.465236541807,0.346132765034
4.0433000356,5.57617660366,5.69773802853,5.16194520362,2.4388839418,0.40013108899
4.29746908262,2.78723698707,1.14068156724,2.16649967362,3.96183546591,0.847054959303
3.29703878695,3.23888830968,2.03198128232,0.571616301625,2.67930017148,0.827660022541
1.86636807197,3.51653457491,2.56012361047,2.08324177312,0.592531003385,0.747285122327
0.347593061651,1.43653516373,4.9276882186,5.0669216214,2.63929783769,0.442518255547
2.65322663306,6.03423364599,4.46928048357,1.8090856615,3.97658506793,0.530290003742
3.46666144909,1.52028507597,4.96392482745,0.934328584445,4.36797748913,0.57462378504
1.83860355599,1.51638681993,3.52076134589,4.27013860088,4.77870567877,0.735392092165
0.434500463274,1.35373554065,2.32332358325,5.20214473432,1.09075986706,0.43020920739
3.36572899003,4.83750592529,1.11759204911,1.50691232913,5.33116567167,0.507169099074
3.13444485345,5.55664615814,5.44876036034,2.54568076177,2.12981494389,0.540115154573
3.28004659563,3.28053866827,2.67064140157,0.204922265801,1.67652589136,0.674324821585
1.96227267244,2.760361276,0.256280909979,3.16173664473,2.58621225025,0.721517472916
1.53502723621,3.35486776578,4.28220157337,0.370067925249,2.8821901642,0.631052619732
5.14107187757,5.65663414314,5.44786872609,2.32906324881,2.68075182771,0.431294178086
4.00744290518,0.333716402993,3.31892895932,3.95328872029,1.80346146665,0.642418001578
0.636731713473,0.229238491878,2.93524760467,2.45174479321,5.68295664703,0.388120571006
4.03390308388,2.4650094547,3.08388487637,5.91091996344,1.43335770373,0.578367987163
1.84395639944,5.38311606956,0.421413700052,2.21356882607,2.66240275992,0.515537469269
1.19234865226,4.2669847989,1.35411487741,0.373790543703,3.81694696882,0.49637225911
1.737053064,4.75610488107,3.36670595634,3.8773435405,1.33994607168,0.749685695703
0.446825099682,5.86257795774,5.03625229523,0.798176266897,2.21528164851,0.341027031755
5.48124412335,1.39890205499,0.36787998216,4.58379215206,4.91137105252,0.372996824765
4.62791352547,5.46271239871,5.67716814321,2.38111021978,3.88040951292,0.453711665676
1.20291836291,5.06019795839,0.591261105654,4.29955475116,1.78545605969,0.466420072134
5.38608368283,5.065698451,3.10402434116,4.39802328285,1.73738878097,0.539957308272
3.46887251553,5.91504014871,0.116888001296,0.210539740741,0.936181334767,0.293512740415
1.9169253346,5.34296570388,4.8077246112,4.37463390107,0.698433213195,0.452136076341
1.62818372778,2.56385352464,0.663119319114,2.78566637313,1.19463737887,0.631377383258
1.42709395812,3.9228304143,5.4135503418,2.98305094,1.28135560893,0.584627781124
5.78966852329,3.45826198267,0.561091532234,4.18613458139,5.32880193079,0.388036633366
2.63567513727,3.3909193677,4.60591548347,0.287787653266,2.47539605326,0.645335313841
3.84298687335,0.0980097246998,4.35181000191,2.89148726591,4.1773393818,0.576120903642
5.69123016531,5.89365422635,5.07596351622,5.23477664842,3.00942840065,0.334225775556
2.90714900325,4.32500962859,3.93522689899,3.23060966309,2.39828304376,1.24159359067
2.46159656075,0.160151339478,2.13173883105,0.243884352982,3.61559443307,0.452824185399
0.843997992563,0.184495250126,2.09526737362,1.96744346841,2.79813875423,0.512797536037
5.46608880299,4.97899576237,5.36681323184,2.53393268748,4.82626187124,0.414039684098
2.0889399751,2.43485564036,3.25447566027,4.62355279701,3.7879453295,1.0558594073
0.996584342472,5.24728303404,5.62088433827,1.78052304587,5.41878279388,0.353724059882
1.03626337217,1.75705123406,3.76226384595,2.43608655116,1.86375610166,0.794200561758
0.197482504797,3.48997022728,3.15953489949,0.19552649922,4.42224641035,0.434641199371
3.27238623858,4.12028407343,1.44177480964,2.58541090265,3.14302116151,1.11736393128
2.79363988326,4.85166287399,4.46631417446,2.42082271427,2.76835843882,0.908230460132
5.37936528119,2.44444140176,1.40208592705,5.00190588707,5.68500383467,0.404200015607
3.70507020088,0.336664729035,4.76308392649,3.62089109262,5.38426252049,0.459365510002
3.74814981172,1.3131432856,1.77833466614,5.40727216558,3.72034446293,0.616844721835
1.43555099868,4.72489757201,4.66707283663,3.90024028991,0.905407852077,0.543488510354
0.716345980221,2.57152835229,2.98547328895,3.07341184423,1.7681764744,0.838809841888
4.70591892541,5.52395944077,1.27597377773,5.171529468,5.89075493653,0.329763083104
4.26779743791,2.35082478557,2.40325341108,0.292908695156,4.89873603477,0.545899587915
2.01604384829,1.46448998932,2.61947796374,3.64435009064,4.04254449811,1.00272301555
4.95271090825,5.35670076108,4.37493589486,5.00132999702,4.22114247681,0.459683931305
5.05696635514,5.43579987004,3.42149876842,1.06260825996,2.97733973879,0.523672811508
2.15130434092,5.22955938405,5.81716492776,1.20455194205,2.29985801329,0.447598118751
3.79317609309,0.962271154794,2.31179863904,2.6518141823,2.90920086911,0.962967531256
2.91819331754,2.50687727933,4.3783724885,2.66067279094,4.25209281899,1.13216274006
5.92638115578,2.72099187651,5.38867822963,2.30704200888,3.74653483528,0.49056061007
4.4037974547,0.222312215358,4.99985604238,1.23626554921,1.55449033031,0.418657411772
2.12461082403,2.81514340901,2.32902358553,2.7700650093,1.40031834931,1.12834482296
0.965205171759,1.45372610563,2.68610748879,2.61789955484,4.21960222426,0.753959505408
0.20170533439,5.37830105215,3.31969307383,5.80452760295,1.7231626843,0.356066250165
3.19016651968,1.96081918232,0.0790744893769,3.86806770884,3.87968968792,0.618228030239
1.80387664904,2.47347994233,4.30841673246,1.73828200783,0.99800039413,0.713275741243
0.575426342786,2.27727169194,3.48368750447,3.24727058626,4.60343230875,0.700918932894
4.74296565405,3.74580035944,2.92941398526,5.31078155799,2.24569910968,0.689283858778
5.39507082096,2.22602968547,1.92099374813,5.34680662777,4.38766290717,0.501686709125
2.89915475052,3.86754839471,2.3039995634,2.24854073723,1.98567035293,1.27538295116
1.87538409805,4.95436996404,3.7903066663,4.40522549722,3.24133727938,0.784817862293
4.52918615649,4.09225273923,3.93683442633,1.34918711208,3.78266823046,0.784508293403
0.432208911929,4.33170942342,5.33404339199,3.98150654928,2.49673846338,0.499216557076
5.47736953033,4.53415997105,0.254683075169,2.10009984933,1.01986572049,0.388221007071
1.77480382675,3.44068390473,1.06680289549,3.48701638169,4.79288732243,0.720243728931
2.34461254561,0.0909533777936,2.91675246028,5.13747823363,2.71854873732,0.539169501544
4.71743787923,4.87445860985,1.04375227945,4.48500919985,2.0451769128,0.543270620927
3.70444666358,5.76455763463,4.40210456842,3.63288742952,0.154565346218,0.423693515846
4.31986919747,5.52795116041,3.56645339111,1.64730822273,4.38781666302,0.581082127105
6.00960133732,2.51858456178,3.40652712192,1.71697438554,0.598525340661,0.457290013562
0.441459036974,1.54415924275,5.62187869573,1.7670910339,5.14557785104,0.375045649169
1.99532785799,2.79754289014,1.72916896119,3.48837934517,1.68842473758,1.03905705569
0.642561029,3.83967267779,2.71340195807,4.97343872864,5.08567301936,0.510485382393
2.26342470031,3.48902365939,3.04904455967,4.85893286496,2.76490146658,1.07584776244
2.83493553668,2.73390503373,2.31313780999,0.620032663255,1.31778792279,0.711039591381
1.34072677459,2.38694588523,2.60473532513,3.99629210484,2.56458937892,1.05625202011
0.808542537509,3.75176055222,2.85571068775,3.42068099324,4.87841226744,0.709529117847
0.675361272774,0.426614544841,3.21461323365,5.32742615197,5.35929132134,0.356436542683
4.30846199806,4.31833135282,1.24528648901,4.21372247331,2.47057697633,0.752870270359
3.10771897331,2.70662902567,0.53875910852,3.26473431907,5.89763853859,0.509638019619
0.319284206053,5.22178208991,3.09882270822,1.09695646521,3.56315723151,0.474585033817
5.01653126938,4.44573840589,0.274173750803,0.502157512122,2.44257688452,0.397825893216
2.61987286489,5.8223351096,3.37515183676,5.68122919431,5.31203078841,0.387818055187
1.62614157546,0.611863394028,0.999698056498,2.77134152137,1.04517127893,0.488626454254
5.65273482364,2.48026485763,1.29412115781,4.97034990977,0.542809096444,0.397816541103
5.90106062874,3.99025676784,1.90028513464,0.874536682632,1.98763293068,0.472844193421
1.98982471706,4.65643150311,3.72126426762,0.082921746171,3.19004293464,0.560855533583
3.54922974795,0.598887248767,3.74422486062,1.70877323654,5.19033933773,0.552922435325
1.97707480969,4.56470248457,0.598323113737,1.19847408447,4.58079081698,0.499822140601
2.14342674463,3.45123041632,5.15212289551,2.96284241783,2.33286791565,0.907819508555
3.52438985949,5.00806414604,4.02383299426,2.91993201259,0.0806185018534,0.529528086501
1.18295324387,2.38367269673,1.82166936898,2.78080515519,1.8774622413,0.878879912701
1.26225122755,1.89907224061,3.97382715129,5.10162142162,3.53091111377,0.672095800142
3.98175200395,1.22234501457,4.57513106466,1.30796269195,1.29534306144,0.575580061177
0.793939205436,3.56470433466,1.17938449845,3.87088494264,2.55819899383,0.69185648168
3.34159330854,0.403887306775,5.54864807898,4.93321530141,3.18617738731,0.451996245931
4.2290223226,5.0040264148,1.16901071883,2.0649772897,5.36233305412,0.491786564013
5.43950871548,3.52322623737,1.10541184682,2.80329219806,4.55161893971,0.579352523815
5.72247849448,3.0317319479,1.20305813293,3.95347185813,0.555792054646,0.443948066951
0.651248145035,0.240410012651,1.96650470115,1.3081138244,2.69611163752,0.451367179729
5.70625954446,1.05673501624,0.542000674431,4.44706352836,1.54390991299,0.379419217992
0.0574665921251,3.07944507713,5.83688978043,5.36559903234,3.7896619408,0.358007409676
5.40422251014,1.04380152633,4.06060906328,5.68234804252,4.50043011737,0.397169429239
5.00384316353,4.63908930834,3.78358692274,2.68120181446,4.91179263187,0.622177143391
3.78501957711,3.76468624712,4.5228941423,3.63768289468,2.2937371995,1.06093434175
5.72331161908,2.78558726169,2.70994366883,5.64139526189,1.7199734072,0.472545827432
5.1131602945,0.722884858703,0.303876508205,0.65539063319,1.82608916125,0.347282014777
5.21823467599,3.73888503348,3.75589047996,0.965366006674,3.31511287979,0.654582283403
5.48418309351,3.26661692309,2.80230225611,1.13754495048,1.85096156719,0.622263489152
5.84161571145,0.77495143227,1.38639133149,3.57428734554,3.53014862059,0.470804973286
1.07519981503,5.30344388197,5.17470403974,2.06945558656,5.69106460349,0.372470153819
1.38258228371,3.64177053722,2.93857213634,5.31527743348,5.13367977566,0.557265063569
0.384665371501,0.0959767302339,0.509733148676,5.42371673199,5.15032377135,0.270467269274
4.80534898259,2.36187053573,4.53255547604,5.25007898089,2.89502812985,0.62153900036
1.58504935762,5.88437343201,5.44063719995,4.82518328696,4.42298407877,0.37545171896
4.60820446153,1.85664608987,0.881865175723,5.99220127117,3.79595950082,0.435409316765
4.20585911318,1.07511875417,5.89401980777,2.31780425347,4.68163681494,0.458129105478
4.9551718755,3.30644853699,0.929314628283,2.70830830362,6.00920217003,0.447532870313
3.62974029964,5.70721271876,0.523784473899,0.689509823755,2.16420892915,0.401701148932
0.692776249336,3.52637405331,5.2964972003,5.1708358711,1.89130955434,0.45837973111
3.34628001583,3.86996893717,2.09151704993,1.590197675,1.29234447947,0.861643562882
4.01812605191,3.89825823454,5.06353600493,1.75532727222,0.434260949462,0.519916535481
3.10141621219,0.187096226351,2.81702059403,5.06531410314,2.11219818699,0.555249898052
5.99017338422,5.77722583935,0.371789136852,4.42713840874,4.07101777462,0.315006113005
0.333919124161,1.02388179607,3.70683646022,0.733239300021,1.71437123639,0.429116524945
2.54535709123,1.93133765878,5.70031597889,4.97103459934,3.77789752769,0.551555317415
1.28153306312,2.12423023283,3.22743736009,2.85548123237,4.02038918466,1.01688964071
5.52007021213,3.5430013564,4.83545990579,2.73128678967,5.23177177557,0.49831744459
4.7592667076,4.06066800941,4.8792280936,5.76760456058,5.14384057392,0.399884487566
2.42845565441,0.647141972524,3.25741580043,2.80211718553,1.85857620778,0.814937968621
4.56457673845,2.77537635835,0.836378841092,4.05779847916,4.51032535996,0.641863643979
2.90202028138,2.18327663808,5.10002979758,2.90939839292,3.5271739614,0.96405211037
0.947721334236,2.1963406942,1.34002831077,2.0110485651,4.16323360617,0.669148790509
4.32113242435,2.44000709876,1.15071168789,0.69279886464,4.14314941372,0.584493919162
1.24548767222,1.58914990039,0.139674728778,2.54456380963,3.88983403547,0.51949404243
4.89026387227,5.74269082773,4.55330277171,4.12007513515,4.54692951103,0.45134991348
3.38153009754,5.91202642494,3.9114638546,4.81404227379,2.57226582551,0.557726494524
1.36081955387,5.65885198052,0.930132905567,3.85739764839,4.0502664821,0.478951366511
1.39644731511,2.08640542557,3.88599530683,1.53913454235,3.24792513056,0.878223840131
2.46699638849,1.00992396579,1.95849437906,0.872470298477,0.128684016308,0.432899167199
3.66864333312,1.7396803237,3.43925029398,6.01604864802,2.67600308759,0.608644435939
4.24685887091,4.3352100971,3.44399397401,0.109442509204,3.21822916208,0.590405197451
0.814121804402,5.99141527385,4.86972367749,2.02927999634,4.43740661437,0.396338929207
3.59179385617,4.07862249751,4.68726395054,0.260215271329,0.0619390280869,0.392170262153
0.947650332164,0.259827989952,0.177884582752,0.338611031271,3.95138597296,0.306061763699
5.73494386111,0.955225427519,0.097130952242,3.87197722852,3.59244655537,0.381693857373
3.53602916219,5.72992736849,3.91840623476,2.8093228548,1.81906849994,0.666033593143
0.259721368259,1.50887250392,0.542985911381,4.53723165978,1.99255412093,0.414120947936
0.0762555298081,3.59728335219,3.03410625034,6.04166778176,1.42801021709,0.390181669212
0.628579621071,4.72398435411,1.31500900268,3.97536967734,4.09721582079,0.537918409488
3.1174631999,4.27255517564,1.79133082553,3.7558027925,4.34786313771,0.954012008462
3.99142721088,5.85097170856,5.07467208636,0.591181984602,4.72902779003,0.367550128377
3.58048935736,4.87299193769,3.63706001997,5.07487915526,1.55714252445,0.63947314103
3.4815101134,5.92150617606,1.14155477317,2.58838941358,2.93833458137,0.574907752636
0.757758159059,2.89848858488,2.3321272791,1.83422807402,5.25559474993,0.590641677011
1.32310874917,0.0932539281901,3.56693888436,3.65988657481,1.0295498818,0.478453317702
0.132025213555,3.11587254527,5.18949246412,5.49049967252,2.72286442122,0.411319922073
3.94086883792,3.55148027931,0.954513508622,2.83296027556,4.80786276851,0.731547640866
3.87762427454,2.67487924134,2.15500619067,5.12949519254,0.80085530786,0.626529924802
3.86432616016,5.31249541893,4.32335023571,1.27535705265,4.4909513988,0.554222957569
1.60490721464,5.80855845993,4.24033376437,5.53524100535,2.22035259072,0.427204203245
3.77920612373,1.04309491706,5.09872257604,2.53644472801,2.42324538615,0.694984722052
5.10728830996,0.334784786456,4.47689641611,1.93800525821,0.222079183521,0.362713934961
3.55515865348,0.94204246107,3.75513236113,1.92431430011,3.71023902852,0.849245760995
0.765236234802,3.75390782495,1.16546484741,2.81247894336,1.91462406997,0.660446564324
2.00853012643,3.1535971988,4.27743915681,2.49652260382,0.809135682238,0.787908357685
1.05465286839,4.19302625469,4.78310909683,4.89266604403,1.51215043474,0.521293639933
0.587167175807,0.376677321697,2.11949637844,1.91988823077,1.07646141996,0.428347840009
3.30146423395,2.18426540676,4.03243876803,2.91322220055,0.95971826471,0.909710060527
3.91809367911,2.04305051614,1.34133079645,3.45373384872,1.26955803707,0.786773665137
0.524168936362,3.68360589372,5.73906891883,4.21149735391,4.67508172278,0.42784080546
0.699483935334,1.44128851486,5.81643739223,1.61136190989,2.34452955733,0.434551493644
1.65690087636,0.139162605824,5.36551077907,4.8460301366,4.06518352756,0.397987927294
4.6717188418,1.73400061082,3.31821218498,5.01497956564,0.676608986331,0.527511135636
0.537631016357,1.92340033353,3.47642590954,4.04685810652,5.35386401045,0.523947075057
5.82294482042,4.24568669899,3.31694248684,2.85148407787,4.32968360968,0.609335476548
3.57594913523,0.735507172171,5.9674732194,3.76655901805,1.68318044934,0.463238140602
0.673361955099,1.9513812472,3.09057127772,3.92918051298,1.16757042788,0.635234275309
5.89934244586,1.10513993709,4.04089775924,4.47770086591,4.1188123911,0.464781410826
1.25086892747,4.70935495461,4.24225499308,2.60077745353,0.425079115131,0.51775518324
3.0795634223,2.49930345466,0.403652057167,5.02466435023,4.31330540353,0.561101519666
4.18255555284,3.51006046289,5.84181983154,0.522081540443,1.68018517505,0.442154470813
2.45614489596,3.98746500999,4.08289790325,1.87697412734,0.232578315275,0.611122056686
0.401888194841,0.0771354286851,1.36175645109,0.83458160257,0.666296450925,0.302001910833
5.56520825237,4.34905877061,5.69356336293,5.77296832608,4.37094808617,0.330858637257
2.28375880847,1.2518687554,0.433281800692,1.97641856618,2.13200898267,0.589687522252
2.41770345763,4.47146035806,5.22109227128,0.512472540245,3.45379839175,0.531032431562
4.65728449191,0.899000999396,2.04027178017,5.17890217318,1.42339413835,0.492243045392
5.4105597797,5.20272759479,5.54503175045,4.5661592257,0.677380664748,0.333473289673
2.63742162082,0.214211917195,1.46388231641,4.20425157758,1.91987907989,0.55964034164
0.258498700576,3.22767095145,1.91444357555,3.04817660524,0.306964009786,0.47617097546
2.20016350588,5.21626721503,1.93358142975,4.48306631635,0.681024957199,0.519050225481
5.38223368264,2.09900428768,5.80755272265,2.72762374354,2.68855007493,0.511760963874
2.1227710042,3.7843242934,5.53609211911,2.4589368723,5.7417403263,0.484816801456
4.38131394765,5.33158955255,3.47677427616,5.76709897526,3.80717676278,0.4789266792
2.05729816811,1.65527282134,4.71499819114,0.824112762208,4.09872355303,0.603140839926
5.02273190492,0.961662863387,3.72735965224,1.17093780964,6.00988050423,0.3819685796
5.36786456905,4.93503784975,4.9662792116,4.71933818298,2.74107571,0.470797078425
5.31335965361,5.69323980082,3.15149568174,4.12979517431,4.06763880365,0.498892105208
5.13262697456,1.5595302462,3.80444406546,1.22625389699,5.85150306703,0.42467486395
1.16806239716,2.7150773444,5.04869767758,3.46636273095,0.6099792092,0.538676079212
5.29044489724,2.84945022739,2.12837443894,2.31838137797,5.39870057592,0.57981425675
4.22977828853,4.91104408141,4.65757902083,2.48432002328,0.891146334862,0.567369385528
5.10467830117,3.75863746386,0.517970565632,2.68783989686,5.2600817123,0.467921962174
2.43205437425,1.89817585775,3.97719012548,0.551897373087,5.86660431761,0.460784773581
5.91475430812,5.23052547604,4.02007252861,3.73092035316,3.40504403043,0.494807251024
2.41969530117,4.24861337931,5.33725849308,2.78331672442,4.10512753876,0.733846675399
4.25497284209,0.31437333992,4.24506270786,5.83785361349,5.89477418735,0.31475384145
2.05844314425,4.97322408305,3.09006013425,1.79959983399,2.51189378074,0.872032564365
2.15200569475,4.99138009533,4.57627633661,2.26113199859,3.73918193948,0.754053870238
3.03664762978,2.59479067435,6.00698915125,4.18477471019,4.15289840233,0.590305277978
1.2324916107,4.42579698249,3.28718839242,6.03807881344,0.665031111839,0.401260556835
0.303647849321,1.19791531724,1.17846239676,3.05915132603,3.8924406936,0.509274587037
5.61758401074,5.23234268189,6.04330601439,4.46868074889,5.13023642259,0.304954828985
2.61642380164,1.71144063378,3.68335907594,5.00205353513,3.92766515342,0.823500967762
3.9143859559,1.20297957257,2.26044258191,2.30329439963,2.24988351073,0.938050866679
5.66311458503,1.56592655668,0.769323255023,3.9972419851,1.49894602749,0.446980926519
3.33930455621,1.74607884316,4.64218953367,0.7625082924,5.47762280559,0.487110656915
3.74217358975,5.67320106121,4.55353672796,0.57129000262,1.10693656652,0.406625997786
4.08998265515,1.74418287769,4.07374505777,2.16323952351,3.73647519551,0.984190835246
4.67103061107,0.466591589673,0.111594553488,1.21262393885,2.94794997627,0.388337300578
0.41713150791,0.385383972909,0.667868114886,0.331615143215,3.05079514348,0.321862956836
2.2708387133,4.7933101684,4.1787344478,2.94570547405,4.1100601859,0.879334706081
3.43916526805,2.01948992243,1.55010842168,3.62564837322,2.51196281936,1.12535714344
5.08318419213,6.01854570325,3.62036684023,2.71591564045,4.53753106071,0.46990636813
1.0683867115,2.88383153016,5.08001467483,4.34186719067,4.26607905508,0.606993176091
1.66385790836,3.36743975921,2.49728874209,3.81703314022,1.03316746361,0.854045381954
5.45131233686,3.02799590891,4.71040490002,5.33488509789,4.81348614932,0.441002249409
1.0074927008,3.90470912846,3.0665763624,5.73359778822,0.0642799446095,0.386338671023
1.93450354763,5.43460431175,3.91468925274,2.86308996276,2.9508958289,0.773970274333
2.80349755278,1.62507561214,1.87921460005,3.90005659983,4.41943582331,0.908257777753
5.38373327436,2.00808601244,3.87353930144,3.09883033116,2.20755424618,0.76529325887
4.7372961422,1.34807056753,2.35227752639,3.0798233041,5.11436612558,0.639241950637
3.34413965057,2.53451239426,4.65744850367,0.736495087663,3.19748648326,0.755018888868
1.19988720915,0.819572598415,5.72430797128,2.12484547742,3.27084890216,0.470460309898
1.82096519158,2.12210800986,5.146592222,4.33706026996,5.28948711424,0.53196704322
1.19007971977,2.29258868462,0.130165763926,2.65206705169,1.14910558735,0.486403603938
5.86621712373,5.67883074952,2.71355300491,4.11628910497,1.77870696032,0.430829379736
4.95140588236,4.82246124533,2.25717448166,5.30054462745,1.16957967013,0.468953324399
3.63108103277,3.54679326223,5.95593068363,4.23531034349,5.20437813164,0.480306313853
5.28026757748,2.3377180554,3.22974704602,5.87061685993,1.13992198057,0.446600977368
4.35271221034,3.36121379463,0.616930273348,1.46187424992,2.08871742404,0.631488791728
5.34628982844,3.4901373562,5.92412510769,5.78417145871,5.46068352248,0.302092969499
2.66440469863,4.50322444617,0.0785620463079,2.80443000785,2.93113306572,0.626955398041
0.0566720710981,3.58495379945,4.34593930226,1.93495934501,0.448659812682,0.426247444724
5.46770275636,3.6550697898,5.71763493172,4.0777268897,4.98822797226,0.41634124977
3.6941513461,4.42045007491,0.714083015363,0.3523177349,2.92417580856,0.506562218411
0.795263684039,0.216337013479,1.15854672612,5.59738399551,0.339888249772,0.287164959821
3.45355191588,2.22817710192,5.79988136787,2.40957029497,5.16126125814,0.535893817903
4.51178757998,0.765064099539,2.22880913585,2.44627407464,2.63680882137,0.751106243486
3.6060002048,3.87519920782,4.57177867507,5.34134523415,4.29674242661,0.634230570659
5.18415432384,3.74356465662,4.30531148418,0.884435240361,4.62541724354,0.522333626565
0.773787712091,0.286399628684,5.90863279874,5.65162849814,5.2928827474,0.262686180387
3.86129673906,5.23127001676,4.42698869501,5.04741999767,5.54659915429,0.426734205003
0.320736713712,2.89657630012,2.22770134887,1.78203223686,1.03400005434,0.551444394103
4.04984896513,5.22848399104,2.51039369693,4.43049192436,4.69576857429,0.616143845533
1.31039190931,5.76303729984,3.2186882613,2.91558556698,5.80706704006,0.426917555938
1.01739603955,3.99906815196,2.33421846266,4.51067274175,5.86588540086,0.479212895765
0.320969013609,5.44819293921,3.66718754851,2.53804658189,0.670075974269,0.412236127204
5.22411020383,3.82406924348,5.73767093524,5.34461951899,5.46430567072,0.33680646369
4.73957168823,2.44422384383,5.08201145868,5.92827310094,5.45595498354,0.366619086627
1.38011372402,4.99649557111,1.64820227989,5.8407102847,1.24513823432,0.406726310764
4.71161321159,5.60487739165,4.85279356783,0.662581312811,3.22393747742,0.422627044024
0.301438758896,2.46711998694,3.36483682856,4.75974796145,4.3744585161,0.565446186573
4.82249790092,1.38996554758,3.5491679206,0.404782211871,2.11875906428,0.533987335491
5.70602653837,5.17692396447,4.52141850953,2.33981980042,3.82034945327,0.488159615879
4.45760949672,4.00878474062,2.67300793183,3.90903579598,5.70687713711,0.609654767575
0.0525333359586,4.2076767341,5.92661370049,5.66050079887,0.736756417559,0.27846119429
0.140364377292,5.35860957064,0.730557737677,4.4797200875,3.28965683246,0.382198774087
1.72537179821,0.974791206199,0.906714956746,4.44103118685,5.11901959879,0.461365167277
5.53484786718,4.15250354943,3.41900099236,0.458790855264,1.3710816733,0.453712298421
0.478997311485,3.38523088767,0.908101247577,4.90510755872,2.90040456722,0.512314717814
1.11966566366,0.439001946765,0.98326401781,4.14001657257,0.550757059573,0.37792864893
5.78988227698,0.193525445074,3.16622640817,3.01900522313,2.44274339332,0.476229710946
3.57002488278,2.2929523277,1.47749390681,4.99101749629,1.77867424019,0.735366742478
5.46849939887,3.81035695795,5.76088944644,4.02225214291,1.11811157122,0.417376524677
2.30637781966,5.85354578562,3.11399774527,3.96525127844,3.0140839114,0.686401197468
1.87313052908,2.145544467,5.22733297528,4.82223375848,3.08065280089,0.654108567538
3.30836008536,1.54420751813,1.19291848671,5.84451866569,0.773147491553,0.4249872111
0.800159810449,3.66382660076,0.319132872897,0.294785335502,0.822702973326,0.338686615192
3.1083185242,5.07609754006,0.824191211576,1.42244817635,3.46702379785,0.59655766779
3.72875871751,1.22895901263,1.60184517168,0.962112434955,0.324289116079,0.455893930077
0.256653676532,0.418887591249,2.43980365362,5.1244451435,2.87457851552,0.416130759948
0.737020970411,0.942226703798,0.8196714942,0.760568998356,5.79281072395,0.313242184569
1.93240243536,5.59580654822,3.26274307578,1.81381321345,0.195026126804,0.450005965337
1.65597071806,3.46430388221,2.07309719457,3.9938061316,4.36291401398,0.932285593839
3.45735194887,2.40088176203,0.644626112275,5.74730724002,0.950035031615,0.437331432149
5.01282173955,3.20154562415,2.37294630506,0.769914829739,3.24233655064,0.688834499716
5.81048513375,0.553655442199,3.3403852722,5.41089934797,2.20637076462,0.393057449146
1.39315772276,4.13036028819,4.38288996322,1.84401955684,2.52534266454,0.81079120896
4.66609550688,5.9806941418,2.11923584354,4.79092079375,4.6618384417,0.427254357198
5.90923909286,3.72755718066,4.69300447506,1.44977974883,0.277921167481,0.374922601436
1.60521214455,2.75885463229,4.15119934271,0.707572856493,0.585604441855,0.515108856278
1.74405770044,3.70921900743,3.10007661392,2.6215926366,0.840318085552,0.840490382574
1.90478297299,2.56578875956,0.9539962655,2.62637421704,4.38265925657,0.792046969906
0.376940016782,3.70178884644,3.19019218271,5.82969586753,1.0708313194,0.414284619387
4.01417935023,6.00409580083,3.96739863519,1.31105300403,5.14112257077,0.426876862698
4.07757274511,0.535296752011,3.28938682703,4.52923745048,5.83744111424,0.440348050651
2.3556603796,0.632487396842,4.47445545095,3.90305146074,1.24729579893,0.58541900491
1.51604623972,3.27820517356,4.52925043502,0.742011570066,4.70304575132,0.56763352435
0.470597786561,1.61919240965,5.79579333055,3.84480972223,2.91671086319,0.457841789458
3.40653811346,6.04447220426,4.0047919349,3.04858385995,5.39279285779,0.47233288573
3.32563299174,5.3379189724,5.7934715334,1.74046909486,1.56766810432,0.454269218903
2.97158670482,4.3156861217,3.23583643077,2.12322920344,4.24933457337,1.09684962679
5.07517665288,5.13681403299,4.47477909272,3.59250069441,2.27961266091,0.591110150834
0.894491047832,5.4440887748,5.91375638392,2.37820154188,2.5729283612,0.408734865854
2.99008011365,0.297767801269,5.46061854132,2.25991740099,3.8237009242,0.510646824629
0.629015327609,1.98606742826,5.41182579806,0.43258585033,1.10543548635,0.361696076348
0.604575048867,5.31961059198,4.66562713865,3.42345640108,1.87223729947,0.491542234493
3.5652998597,5.28196434791,1.3940905129,1.93653948068,4.42436933787,0.614792644444
0.966411699172,3.90249439742,1.24387185228,2.77959771203,1.53211512872,0.656287404806
4.3096969845,5.76788653611,3.45026241872,5.18913012903,0.105838300963,0.360390217869
3.59583452095,2.06849404068,3.38669335209,3.96356135933,5.44400168055,0.753361011772
1.85039065664,4.06435223933,4.7879754743,2.10903593848,4.24449673844,0.769592316636
4.20137242291,4.65252197421,1.36309542976,5.65477773685,5.99615524255,0.358701000286
1.04604998367,4.83280605769,2.28060940248,4.67493944475,2.34420540945,0.627742046633
1.28487614615,4.05618180959,0.877298993284,4.95277433281,2.29745443491,0.559599367362
2.86531357085,5.50507894901,1.17885351506,0.308770384437,3.18160585451,0.456916581094
0.93823614063,3.42391721981,1.51015478759,5.82837764293,4.42565795044,0.461202802524
4.0375553406,1.83080112924,4.92131832603,5.55719156468,0.962825671806,0.458204443294
3.07282809493,3.04094833371,4.73462486045,5.93113709863,2.04112960571,0.570551512212
1.451994589,0.0603999248916,1.69596886411,1.26898585767,3.48064105654,0.476974250645
3.37979624928,5.90304672458,2.36159917401,1.36694746468,5.35647194553,0.450464619716
3.18617408355,5.77933234339,1.53712430653,4.98028740929,2.52525475614,0.52503703059
0.0941329492286,0.414480860591,3.07604448031,5.66743247246,2.56139357471,0.364400585984
1.43772612651,1.43364004236,4.33608058721,4.60145294642,3.29078747837,0.697909594401
5.15694483595,4.44193753587,5.33697411057,5.52373869817,4.7998549646,0.373109578018
2.13862780547,1.88702716545,2.4782307176,1.27841435949,3.68614637515,0.935666584332
2.35805031343,0.955859463091,0.407326502581,4.76588923391,1.13112796475,0.436231403942
3.13135739515,2.43240073669,1.08971124404,5.64078679058,2.34395162187,0.610024613736
0.508262602731,5.19548263089,4.17070036506,3.04218776904,5.56856774862,0.416688218626
4.74893220988,3.66807774519,0.776587636169,3.75060290554,0.705158785833,0.518716451278
2.55098175251,2.7832279403,5.26979810887,2.41923258423,2.69538914513,0.923303953724
2.47135208258,4.68277462103,5.625637101,2.34645971411,4.04987588898,0.604795172247
4.82667711253,3.48530648061,3.51802102703,0.154214982735,3.42273997161,0.584186575787
5.98702075013,5.90079765524,1.86496841313,1.6038520903,3.64922595437,0.384675452765
6.00448307662,5.43473348243,5.35921025741,5.03330977217,1.09524296849,0.300452180181
3.08406880404,0.729611122808,2.26110314188,4.01917705538,3.38071984968,0.840945907964
4.46190026849,1.68319354221,6.04759265692,1.03369073612,3.90351612702,0.437796434415
3.25139298735,1.17964720203,2.17671678566,1.90474680579,3.33020492286,0.964944265289
0.445263546806,1.3243909784,1.57956175858,4.80356293892,0.567553058285,0.391824562708
2.52903098825,4.45025700804,1.65846991184,0.58588886865,1.20246050826,0.549938817897
1.98676965661,3.50423227712,1.08427026033,3.52383231056,0.364815400802,0.58242798977
1.27247201115,0.976540795369,0.141853918886,2.51476203582,0.668398794129,0.385809030402
3.83726369617,4.95982185198,5.21250740774,0.646608459654,2.68692007755,0.498167441307
5.4749372267,0.355189958326,0.635852386216,0.370030350371,0.935596129331,0.286631243043
0.451818363594,5.08747295212,3.40368937835,2.11638672923,2.45857211749,0.585217819596
1.62245480241,4.65573618872,1.978576857,5.66429416532,0.852779583857,0.446599689888
2.82145938227,0.776060026679,0.365424129126,3.59211292933,1.5067540942,0.512842687803
3.45570819604,5.10859753264,4.44537188751,0.501758509464,5.32057716631,0.427912888896
0.473179482203,2.15856578121,0.874927550345,4.04609235471,2.29442831627,0.549423168691
3.53428313581,0.322426012421,5.10245943739,3.36107675538,2.78453801646,0.586441579628
4.56119337143,5.7851347387,0.203741460506,0.769522727018,0.668366378565,0.299178101343
4.80504244491,1.63596246721,4.12729853595,2.66050322343,3.3382913376,0.860638695416
4.51377139447,1.17037217043,0.112388380722,0.960291224384,4.15146767782,0.40877004029
5.21225614463,0.495552325271,2.97360451641,5.90522430056,2.94576389588,0.406333901685
3.72646161331,1.00149848563,0.668779637973,4.0144136628,1.08317370036,0.508657314502
5.95210807554,3.8323153735,4.45908756004,4.51913265356,3.27285450678,0.528573603319
4.45654234324,0.511116369124,1.77786528138,4.27257815289,3.79008673319,0.586394608432
5.16170342898,3.82863149208,4.5381972429,3.1436975106,1.03571548065,0.602238933927
3.68361896993,5.27157347765,4.3303835357,2.13368749701,5.25670480053,0.548230128276
3.50046908014,4.6774923137,1.71419355458,5.96770159359,1.85202108212,0.503959704067
5.98555184486,2.16986326609,0.984910449656,2.89533697729,2.50954135214,0.528688299229
5.02415817639,0.144867488083,2.11600566197,5.32706368546,5.3143505923,0.347199460964
0.689895242998,3.9307958474,0.668571292665,0.812754787805,2.16029998544,0.451923018236
1.32476832828,3.95350031302,5.30360981813,1.74095441547,1.13027246383,0.523470889436
3.94893208024,2.42690527549,5.9004389044,4.90973407375,5.21605895735,0.431044570888
1.23258747467,5.76689246657,2.52015416169,6.02987449417,1.78575688227,0.375034426508
3.83914854228,4.73623395502,3.98368779851,5.09125157054,3.26679578882,0.707672342775
0.127280485005,5.32187516663,4.40252035804,5.0102161005,3.55366114097,0.400670008631
3.01733901645,1.15355350356,3.80439373234,0.244794784529,4.28361168239,0.546581617236
5.88054831238,5.87564190373,0.463657614291,5.38663032334,1.30262954073,0.273396011209
5.47644594415,0.554246010866,3.7022484199,4.79126117755,2.91326276157,0.480219981759
3.40293208197,3.18568913133,1.13466551802,0.317663141735,6.04888021306,0.397347166941
2.0754327236,0.7995106428,5.12930629479,3.02614106719,4.12878917505,0.605848679682
3.32094820212,0.375628418632,3.94256490342,4.30643304022,1.13264431867,0.553325436654
1.37112136241,2.47495903478,2.43267122258,0.708699582373,2.46010431508,0.725041154621
5.95478836692,2.20162198337,1.58276451856,3.36006372967,4.05443570909,0.567594270567
5.70218423695,3.21004238426,2.20363349954,5.60746168093,0.614147402066,0.392599251383
2.27401596189,3.29914257373,4.26134854301,5.18569452164,4.99994802373,0.625602459489
4.83087805946,0.295340574609,4.77808280947,5.2169813946,4.15843690806,0.398630971653
5.29367703542,4.3405521132,3.59212666373,4.49604036475,0.549951394809,0.484272681984
4.05427690808,1.51043287022,0.309422213128,0.499549002221,0.436356071849,0.352186533009
2.25207479398,2.47551926812,0.257296334809,2.00129574903,4.61823338811,0.589171556125
2.81203074061,0.285591882346,5.17546616206,4.6430911474,4.90841599218,0.425934341071
5.11621121935,5.74387632879,4.6362650661,3.19670053521,3.48379408238,0.501069321672
1.77461090917,4.63597893955,3.9177920884,4.54993559598,2.21866608051,0.767275345731
3.35861675278,2.15218797516,3.25766133323,3.59621955592,0.227038948431,0.716405695888
5.86579034277,5.4835849374,1.68948974743,0.120519906683,1.83513189102,0.3252380618
5.2364337742,1.24508589345,2.48383728074,3.57255042041,1.5452909267,0.633240999461
1.71084887122,0.448210270876,4.41492455277,3.99486870621,0.305167099218,0.426849862883
2.813615319,2.20688900881,1.03816509819,5.15622276435,4.75279715791,0.580243128956
2.67521816866,3.37618899386,5.12131953897,3.64348568818,0.477634192006,0.605202279441
2.20925844191,3.35265693317,1.66071233954,4.39713821895,5.64006855663,0.607338307895
5.21304290537,5.8542978118,4.05063973868,2.91088527827,4.71465643424,0.452562267423
5.22041796492,0.421725751619,5.44531071756,0.953652591693,3.10470063856,0.373750759343
2.11391093061,5.09068010732,4.3058650338,5.72723376,5.68342093029,0.37735945166
5.89698911713,3.3641326132,1.05781472293,1.87990344829,4.33707594253,0.491651499025
4.10384224585,1.35189721922,5.37103877717,4.79850184148,5.2701037808,0.435834003048
4.83575958039,4.15832970914,0.0981425740244,4.03417002663,2.91902315956,0.520600625791
2.99397575712,3.18694188637,5.95031838237,1.19467714533,2.66678619972,0.584467740661
4.2199977222,4.5708484262,3.31101451026,4.83342772468,2.4217433326,0.784404332442
3.47717684645,2.3829622201,5.58703324755,5.65428811633,3.24187487141,0.515333138555
2.48595358681,1.00980733324,3.89851104701,0.195928239339,3.24530254772,0.556934759741
2.17672972966,5.41804561614,3.88403229146,4.12267844752,5.11010131108,0.554964639332
4.87716368514,3.95281382045,1.35530625198,3.40215267656,5.91369021762,0.481048316002
0.0753811200566,4.33935289989,3.12580113577,2.34558838603,1.31067639811,0.536332317682
0.813633766619,0.659786530001,0.168287098151,0.824111135404,0.957173086825,0.310722777395
1.17623681758,5.06331190444,5.16214277422,3.63810837204,3.09454797285,0.565791633025
5.45579495775,1.02601139588,3.07245293708,4.01146150024,4.85585885076,0.515461904775
1.16906630696,5.1530847766,4.29116186519,2.88459734863,3.24164957765,0.679029369802
5.17816143377,2.77056906476,1.9032500494,1.56582746076,5.7048844415,0.490842427586
2.33394498134,3.50297059647,2.28937073776,2.80353811748,5.18028038613,0.909601733936
2.02952928533,4.55667287862,3.84520606887,3.76684613366,5.81606049911,0.568257148246
2.58930030827,5.27319306727,3.57612489234,4.34239966442,4.29162657693,0.70729676727
2.80431887023,4.11079988369,1.51928250487,4.48879463935,1.13257767421,0.705792638847
0.855440466046,3.74457184689,1.43871626438,1.81180852332,4.07900000586,0.659318790351
5.98151681408,2.69464644925,4.08899752799,0.365471336325,2.62960711836,0.449508283395
1.00053981792,2.52744278648,5.72588010259,2.95502743564,0.865615701508,0.471493668689
5.91403855036,0.64290461895,5.62010200316,4.57346183616,4.0887574283,0.338139093463
1.1100352182,5.4329519656,1.35980775514,4.88646503439,4.71253736897,0.422422395165
5.53388113257,0.244138848052,1.13040232647,1.11821365334,1.33667249915,0.346999347755
5.93439472293,3.29467292761,2.37849820897,4.99673087092,2.54819095549,0.547200575414
2.30541714264,4.71900135786,2.30752418001,3.00884346845,0.121964468029,0.581391951563
3.72198142527,4.47900054248,0.910879552088,1.69274548862,0.0650328726858,0.446506900999
5.26259708008,5.83049236824,0.825528659163,3.0146938578,4.84371269012,0.380823980181
5.60474399177,0.224203046995,3.87322221722,1.22673138093,5.01468769297,0.364223025966
5.04395352551,2.13955841103,5.77179417532,2.44714141913,5.88651212214,0.381118569926
1.39037759073,2.22786294097,0.703472990961,2.22473282196,5.23496954911,0.524734837303
2.41291751793,0.504426971798,2.10914971997,4.77187036109,1.64750982009,0.576870302236
2.79340078843,3.84223631465,5.0542596682,3.79997341933,1.00672666478,0.685630093998
2.32281442944,1.6912213181,5.46912526319,2.52822992131,2.1208966066,0.701092589791
1.11417956829,5.94479167632,3.43107976112,1.96990447778,5.42579124593,0.410517348863
1.11585583328,3.86187579022,0.393132358635,0.930770150122,0.0781779968821,0.345932853508
0.341394956473,2.1863282612,0.520023620038,4.40519365303,4.91782762075,0.407611620267
4.89608840435,4.70617825452,5.14628287401,5.28214319628,0.192234861102,0.342413590559
1.00676126558,0.599684844693,4.0602212169,4.56061241898,1.45461530933,0.48350504433
3.31589136666,1.59532187901,5.86336586625,4.58422143834,0.272129375204,0.396466566666
3.1614866288,4.39294237341,4.16009575058,4.10659013783,3.69284063912,0.99832696157
0.541229393453,4.85621715542,5.32138891666,1.86969682292,3.52804700478,0.466497100996
3.47190766448,3.71960156652,3.94599277519,3.13396375451,4.37616389036,1.16997393909
3.47663254882,5.34579319105,0.287664463528,5.02005932042,4.86850933949,0.389732039345
4.21309191115,0.0878390285505,5.84548277045,0.120372532303,4.9414990112,0.284813311608
0.279118306042,3.44215179839,1.01112196522,4.87571732425,3.56053440021,0.490512373869
5.42349771636,4.28900340173,3.68947594876,5.6118052999,4.2979290565,0.464761875548
2.41199297717,0.415756843584,3.80356334515,5.22050186464,1.56231355245,0.508456913365
0.593568379484,2.31572156711,1.56873785343,2.60345475554,3.8361465778,0.706012723726
0.913915058212,4.60002002614,1.16812477648,1.96674546323,2.34277161227,0.596404442426
0.186366882689,3.95819699846,2.84664777924,0.629958351061,1.97049823718,0.48696964179
2.89525249144,3.87824661172,2.20719661388,3.9099310911,0.982939097017,0.884381636896
0.830340819754,3.79671494251,2.23435867718,4.58924779628,3.96786114093,0.694886177828
4.42929109092,3.25666759968,0.789144353438,5.79607485197,3.02444095535,0.504661408368
5.82261790595,4.25359702053,1.13788809815,4.53794771822,3.23797888649,0.489522859664
5.2087764151,3.49511644448,0.18675236592,3.06255378989,1.77305667961,0.511574404559
4.38385422629,4.59571332681,5.92111048429,2.3045039124,5.6459723831,0.392478161338
5.05731282648,3.14484598188,4.06172709269,3.11204445594,5.36915629286,0.624756487729
1.50003828216,4.66124640977,3.87252823782,1.74286087664,0.797929477584,0.581380352066
5.73442402903,0.668211180935,1.22536545849,0.15012915593,2.22993278639,0.335813777422
2.4618983572,2.70491345749,2.28136768662,3.27541761458,2.19376437133,1.51081762064
1.95474524962,4.7453070706,2.12920045219,2.7826227433,0.107116359306,0.54606092884
5.96113801428,1.055385613,5.68122366701,3.43716611504,5.72100180223,0.309273993646
2.66549016673,3.70776183824,4.90933141858,5.99855316958,5.48787125212,0.409178787063
2.21353988698,0.324035180775,2.25297256551,1.75071957067,0.244917879202,0.444671003443
5.05933743665,5.96226755977,1.3335938569,2.54004027041,3.01864133046,0.476083478481
1.37894668513,2.95584841714,1.49650832288,3.45385158307,0.989865887266,0.707370118121
4.42005534635,4.863423348,2.98203666117,3.73699635938,5.76184605678,0.535900404388
4.26677715469,0.749044202492,2.27414778609,3.31452044339,3.27230534491,0.808311961879
4.74362703079,0.0504814292796,5.53109360361,0.506410373191,0.781519371245,0.291664445579
2.99306112992,5.32323063518,0.240682022716,1.8919114744,4.25380506043,0.480511146799
2.2208203333,0.0555297862816,3.20234847989,4.43282127816,5.32531280129,0.459178415762
3.84590047594,3.33120052577,1.56806020519,3.69061956822,2.63422961318,1.17835091144
0.252017221528,3.15486438884,4.1243089454,3.94727459629,4.57251740608,0.581070925871
2.39527046186,2.41724342468,4.6329261715,4.08107677738,2.82533766839,1.04482455631
4.40035990066,0.616700886955,0.102277454598,5.701130352,5.78310783951,0.277164068098
1.45876118645,0.747000470464,5.50748177373,3.97719396675,3.39916939897,0.503698835236
3.98712585107,0.222612322933,4.59749064606,3.49837534177,0.980042400372,0.486171276053
4.31593758404,4.42938087786,3.85997461666,1.08031523125,0.722463421819,0.543870195111
2.3012767764,2.16154023835,5.00324316802,4.98546135685,4.01858382385,0.658597446841
4.92705413904,1.67622394215,4.34619902042,4.17218573892,4.63574611032,0.612450234299
3.54975614725,4.34613560034,5.45605910597,5.1982831203,0.0573055861385,0.375397382084
2.46901229507,5.96813405051,2.17890977164,5.36795855639,4.45947951843,0.44437995924
2.14465631774,5.45287777935,1.45154972589,1.1416252101,2.26320652905,0.551196754543
2.7488828768,0.918058916159,0.61775100377,4.79929437263,5.87527534637,0.376260699244
3.2525742595,4.55182326887,0.234745322669,3.48593418423,0.148279237356,0.425766974783
0.0755630372696,5.96883851162,0.964905232484,0.720894407271,1.57994631954,0.296570290971
4.27230080222,0.575324701764,5.34180161254,2.31889504912,3.96877867698,0.51588219415
5.71801246055,2.04661295866,1.40682298566,2.29659824272,2.32903226125,0.595957383026
5.11873797645,1.37240142073,1.66905076174,0.133956277979,4.80636029082,0.393907080887
5.87875804364,5.30298241666,4.48140861411,5.40986932263,3.41854975543,0.373577583498
4.40454525157,4.56971989837,2.27878268977,0.469516766142,3.27185289428,0.608488226093
0.578397405294,0.233966817253,4.64308397269,3.690047152,4.75845571563,0.403499873786
3.11369724427,3.44358998542,5.4222533532,4.17985319977,3.68310500089,0.773054626804
1.25377555629,0.364684280135,2.18906349409,1.43885880137,0.173954273207,0.383501709519
5.26849394865,4.28003103366,1.49244659323,4.53385681367,4.25152557948,0.556288171087
1.07254737022,4.70195272691,4.88749153204,0.973082262272,1.75740308825,0.480150953111
0.841308269486,0.920471027626,3.33551146891,1.06714835965,1.75868413427,0.516162620199
3.19988363629,1.69319270084,3.26753990266,0.468646375151,1.0584155713,0.58834681517
5.7612551866,2.45142846628,1.02067307899,0.695053655407,1.69235866234,0.419007881712
2.5005611355,2.92246449337,2.25044955168,5.59069110987,3.36756341436,0.789636176848
4.23441423308,3.260815073,4.5718770145,0.931004829028,3.53289510939,0.733820080035
4.12094405064,6.03217762618,1.34650958655,1.96524014257,2.48927910262,0.512394540417
5.12748661596,0.919574987523,3.48833613312,3.15884439731,2.63788066229,0.701793702671
1.45205914253,1.29782698756,1.85505234784,4.57768014767,2.86785455429,0.7086692043
2.32778488664,0.0617553147682,0.516130821285,3.49909247404,5.67594395125,0.361473693948
5.97096131453,1.90621501003,2.96095241759,4.5173046806,2.8016922742,0.575836487924
1.74709764253,2.93279824862,3.64877502577,4.52767782548,0.34647641721,0.61086696772
3.26598798003,4.28340498201,0.386353202757,2.11368750026,5.43166589339,0.493886270794
4.82936920243,1.41932225553,3.45135559969,0.993113950811,2.8782351132,0.66263457986
1.62673510397,3.95350545668,3.40454326349,2.13471730003,5.68163714595,0.628987137038
4.80178158071,3.29748567653,1.97907306325,0.274687027467,5.8384250193,0.402233299177
1.14049347626,3.97893960536,0.862834717906,5.54585570368,1.47956471155,0.439045792281
1.38836759883,3.96137112107,4.33656918596,4.35482947427,3.72719002839,0.789117821592
0.730643235534,5.66248000141,2.96823979433,0.535035619282,2.27404664108,0.419413013301
4.68413738585,4.18708818464,0.479180993627,1.60467423668,2.11773075779,0.545691914781
3.0152724286,4.56166825987,2.46621853683,5.8786089671,3.7846635675,0.601465766623
1.09244476961,0.68257161671,3.18157007179,0.246473765373,3.15298499591,0.461946678274
2.25362702286,1.93303599321,5.86004134622,5.13478723015,5.29335406592,0.404987654546
1.85618396853,4.24992937799,2.36657999693,0.502033346357,3.62714450719,0.67091548049
1.7322711685,2.13065824252,2.96883279216,5.08870008885,3.73789498782,0.814928183662
3.50239591333,1.28755402964,5.38027895678,1.14182573221,4.52226384506,0.509665822759
6.02181638113,2.83058534252,5.39919324503,3.00673461272,1.03397597021,0.420494928976
0.488544495438,3.14876713684,0.233698153015,1.8498866019,0.976434414302,0.409843711021
4.74630762295,5.44398348714,5.86257683986,1.17750107025,4.98714463809,0.339129762693
2.4087801925,2.13251754977,4.77006711996,3.85024938074,0.120302377627,0.547921586992
2.53186085714,4.91089359987,1.91850077334,1.64362621576,1.78433137526,0.748620149024
0.202462611381,3.57929753557,5.13783194303,3.89984313543,2.15540808592,0.519340778723
0.513103811444,5.13362405186,4.75065134575,0.332953927468,1.95266712324,0.370208228908
1.34136847515,4.58831772895,0.552108125338,2.19227285369,3.04845751996,0.59099008498
2.98223488737,5.95178135979,1.69255878605,2.07024718259,3.1660536525,0.612942447475
3.18622604119,5.49035186107,2.11245811105,5.97744761239,3.70648631651,0.467539212206
0.497987125468,3.09176954517,5.39027959846,0.846980015385,0.308588364604,0.346486920698
0.291955318495,3.44694659033,1.75073215872,1.97234893879,1.51627611349,0.576321020977
5.98466885164,0.386443646377,2.61264649268,3.82370129256,1.25878890124,0.406516167705
4.14022861115,5.25495727457,3.84108004758,4.55566602157,1.95327330443,0.640692859071
2.58435137271,4.51204717021,2.15957843666,3.07702893048,4.27013835873,1.02202006235
1.72487259861,0.940443054225,3.16226472426,3.58313568286,3.13920347293,0.888614060314
5.26006708122,1.92703680918,3.66223217061,2.3659978148,1.95657024691,0.758241568996
4.52738508133,3.06888845416,5.52317076642,5.96892511596,2.18037813095,0.431214070879
2.67170270629,1.10153934406,4.2497052157,1.52934705999,1.24730962344,0.644810233691
1.56667718904,2.07390586066,4.53495339381,3.35700893559,5.9882597335,0.517456440325
0.915913425739,2.04757859072,4.32596245636,1.77285784114,0.98617993283,0.569150377387
0.783968883883,2.20394159225,3.39030119907,1.79246671159,0.409630202285,0.530082436594
0.508270068281,3.70128977809,4.36221526092,0.927354028198,4.65677134728,0.485509756336
0.327410873983,4.80062400271,2.08908804266,0.938846178365,5.88735560933,0.347223216621
1.1103530715,4.59868106073,3.00054843489,5.1744311318,0.467879382912,0.449108536084
5.33938789174,1.05792190575,4.7808312373,1.54817332652,2.69479711772,0.509769414333
1.24354975688,1.8724527666,2.55995643852,2.66514139541,2.86899597848,1.03312072487
4.03245493878,2.50272649798,4.04744254613,0.184819006399,3.57142822278,0.638481771485
5.23010302601,4.52963034028,3.08827315566,0.354143787288,0.222161416833,0.36985171598
0.905251404037,5.63097317651,1.55245382422,1.96398916302,4.86401721768,0.435667959694
5.69446532135,1.18061054627,4.58133391999,3.22163930536,5.73579366407,0.390554375674
4.84169037771,0.826509100543,0.351541068704,3.49649000154,5.43008255687,0.38048819401
4.81321922912,3.73455895148,2.89143334623,3.62963143933,5.6723777156,0.61060625699
0.867769059855,1.78517224263,1.80705865239,1.80866753957,2.22520996212,0.691328810087
1.01093604253,4.35423108176,5.4264483589,3.3980264472,5.08300869574,0.472247899594
1.99953176579,1.51585263878,5.47337323556,4.50089715009,1.95736343787,0.56621972221
4.43590026865,4.30092466801,2.15581725006,5.89254253335,2.19757839068,0.541197529915
1.68307635521,1.78568102573,3.26363072623,3.96910448607,4.01958032556,0.974937556865
5.53162333438,5.08999183246,0.980877461852,2.78144053791,4.4151627131,0.456527361548
0.351992398616,2.0056299132,4.55237196324,3.87559519107,1.18956835194,0.514009204452
1.74184491836,5.54488666392,0.575646998166,0.296162550831,3.57988593426,0.376167608258
3.63270777707,4.19932564198,0.546487982487,4.3092749387,1.94341239502,0.6373892301
4.26842015685,3.32166818423,1.83596958226,2.17703663382,0.0946586792803,0.58188237693
2.20999807156,5.02122343594,3.61735135066,1.21863730277,0.633495349825,0.530105563433
1.65879128045,1.31331114086,5.18500010538,3.2654069313,5.65596909103,0.464196559968
5.96340921229,2.22366627716,4.34807966654,3.62071636326,3.60425395952,0.589893288192
1.45096896962,2.24057231738,1.58776297186,4.82759052889,4.00623188526,0.698166510224
5.9464001023,0.102834883819,2.89859764938,3.64706944164,0.605880659765,0.354162478852
1.46137850737,3.03174348993,1.9662180554,2.19499941662,3.89189509442,1.01208718987
1.93736162598,5.99586839286,4.17640055951,1.05422925864,0.658789815041,0.388264549829
5.39117681549,2.97611324345,1.22227395522,1.50151727111,2.09093321514,0.589954493051
3.29593245528,2.55488786121,5.77735767466,2.44147386045,5.03540140411,0.572927125788
5.58727152585,4.52600364676,3.41569352323,2.91160696911,4.79428658329,0.573962538813
3.12073474924,4.04455927821,4.5982596116,3.38284671297,1.7749361699,0.970170389808
0.653881205138,1.37673710488,3.0528363559,1.45998700866,3.47642615772,0.635296996799
3.93054062444,5.95427963694,3.03777619671,5.14908502295,2.29497908783,0.507338087608
2.36247353752,0.688461807289,3.12274501135,5.94283135282,3.59383694934,0.505622168674
0.794529731716,5.81583390515,4.29900288169,0.903014857452,0.371063018375,0.324790430048
4.95790131296,4.95333884466,5.04728136992,2.43693236656,5.84624028505,0.395907894091
5.03407932591,5.59445451092,0.425481824782,2.93096070765,3.33451894375,0.442213993799
1.95666651585,5.63957632645,3.1086330771,1.32533080093,4.92483810764,0.510797551386
0.496429252707,0.191799326898,3.96093671825,2.74903602836,0.458413037555,0.375941205184
0.133432858237,3.48289396721,4.30077706687,5.04155283228,5.73153342792,0.373529774095
4.20999450908,0.0612066370548,2.82250080737,3.65848742448,2.53920809131,0.6337925254
2.99996078652,4.2658976823,2.98870954751,3.62998700659,1.7009999,1.15115740795
0.175204568554,4.8039055353,1.64178375914,2.10460162917,2.24561166933,0.514161663635
3.35822491152,0.380697746369,0.756389071641,2.9277889125,0.458875402761,0.425796669087
4.80440511647,1.48206875964,5.244096263,0.0521020579662,2.29967346336,0.403607921486
5.31407100253,1.8000919267,4.15249481153,5.23948489896,5.25345653595,0.430731721955
4.49486326938,4.33237208062,1.97740138734,0.788231968677,4.52506911715,0.578928403157
1.7951299545,4.20068107745,4.61897130519,4.21384589673,3.55427442456,0.813334987457
1.44276641749,5.16547112581,1.33413219221,3.21906022466,4.8011581473,0.55000916433
3.61860202752,4.7332961258,5.05933435838,0.670224464779,3.17708164279,0.552881639324
1.17433018067,3.70639544642,4.2049592547,5.11150149482,5.14148273286,0.517373974789
1.07729895936,3.51694864063,3.89130514154,5.83183683592,5.50580319197,0.415683064475
3.83068888852,4.33601525882,4.85443030707,5.93000120707,3.82491390803,0.495557755997
2.20198748709,5.35103869468,0.87959133882,3.10143138228,1.0792005025,0.516526288562
0.449520677297,5.20170082537,2.79746806002,4.22363824921,3.11486637292,0.558536423013
4.02526744532,2.6280271279,5.24859185775,2.79884210052,3.11188203358,0.885058780516
4.6676222962,4.49110811387,3.0168645882,5.05666285662,5.23766646829,0.519705537846
3.33908320576,6.03905839231,2.1031581432,5.542581817,0.329325551668,0.347797017737
5.12899326273,5.1484306625,0.780848033047,5.97861359727,1.9436164423,0.344102748486
4.59937975193,1.13527464306,3.13393176254,5.17798224569,2.53075628515,0.624338579955
2.19671448539,5.68888406615,1.35836943599,3.47251588814,4.49079692934,0.555060232232
5.89770932049,4.34909090512,4.35942027456,3.20308288212,2.81385548184,0.583407375094
1.77366899647,5.19945512514,2.84574341964,4.88657472369,0.641844040174,0.488153743926
2.03749510806,4.70248567099,1.49976315763,3.81911882039,1.21162449814,0.669127884624
3.96330701813,4.77261223764,4.03072147329,2.95222447305,2.54594858829,0.96702946899
2.19224608598,2.67433522123,4.39288226725,2.37840570244,1.12271571106,0.861384260344
0.694500121485,3.83418106066,4.41713150086,4.15762259503,0.769576470533,0.517214753027
5.42205168209,4.7967537054,1.29281941626,3.34307453928,3.41258763288,0.578133182995
2.57832423087,4.15424702272,3.01754991697,2.71970042589,0.941669281784,0.92372798019
4.00771763739,2.95116182026,3.38018016586,2.52626394571,5.34520583701,0.841266955329
3.64899978932,3.18772893997,5.36274206282,2.22135668288,4.02826981091,0.787239344227
2.73876773476,5.4799819474,4.56862215758,4.52858602672,4.43792431426,0.552995499642
1.44729423276,2.44399480429,1.62939546153,2.82503540081,3.16447855421,1.03559767766
3.64990647067,4.90328439769,0.943694656757,5.19743366962,3.83488497453,0.531942927099
1.65572071575,2.06664098745,4.29755805843,3.1973109681,1.37734594402,0.830989903105
1.67839255973,2.19144526694,2.67305529641,1.80073426855,2.96794878309,1.11774737638
1.41435819992,1.91333373322,1.58192230098,3.98778982004,0.880218286586,0.618228424475
0.125137814065,0.772762433002,5.32222496137,6.00458810927,5.58997089577,0.254106052138
0.532359936246,2.71817453595,4.97179786963,5.08202278507,5.40643854183,0.39710234028
2.65891575707,5.65577450637,5.37553640889,0.413331986646,0.550145522444,0.327812014241
5.2204373543,4.64928129257,2.40273304006,1.29850733285,3.05181359057,0.628734660606
4.2177291199,2.10054959818,2.71942440012,0.62823974345,0.692018698102,0.545773406924
4.61863597962,4.63728167496,0.895167085642,3.77260160676,1.50370408102,0.569255316139
4.81573487766,3.24034737902,3.69535321655,2.48149110258,5.46416630385,0.65879871469
5.33519564744,2.65979349028,4.43303873991,4.9602041462,4.53055558604,0.531703346168
3.01582202451,2.48573866843,4.73273339827,5.00502889225,1.64765552924,0.708413145933
5.1301093926,1.13750420934,0.230317394832,2.02495655494,0.0892896771042,0.3322221319
3.56285920816,1.49363103212,0.213500925363,4.05486590896,1.88233944222,0.564574882164
0.548302744456,3.9158816438,4.54926027456,5.95542414355,3.36042486613,0.432632538423
4.07879100201,0.778975276019,5.22410201207,5.41144101054,0.474587283271,0.354156210417
5.15729092832,3.9438196367,4.71426824765,3.74152557646,4.9646584586,0.558872828425
1.75590432572,5.64114867856,4.77522979081,3.96529589434,3.71686600166,0.55185889115
2.88318768097,0.196830935503,5.58255136838,1.60658342655,3.03507831766,0.465466705617
5.73308587592,0.282855737347,5.50928207236,2.08775774071,1.36867152311,0.337352933945
0.315832421685,5.26176660272,4.88197762784,5.265096803,2.95874051635,0.384696031443
5.25763508417,0.592257697154,2.2668794927,5.4892798155,2.48173285953,0.436743784306
1.12700891477,0.774094082089,4.54019852405,4.07548656679,2.81964572329,0.587400381366
3.22438972425,1.37493204856,5.255789247,1.42214731844,0.638079793468,0.479660756237
4.85647760518,3.45627807389,1.03596695343,4.62746512677,0.878379372903,0.508594188709
3.87631614201,3.12314351554,5.3385999161,1.27967785609,2.31661336651,0.681260657756
3.50830064927,3.65642657271,2.89342594938,4.54632110701,1.66208402374,1.01196634526
4.71018727074,5.85813890719,1.01474235293,2.5587584183,2.02026449422,0.471931357851
0.838428530121,1.88499369131,1.01465332729,3.41352783547,1.48340272635,0.577090513304
1.69355527562,2.23596552618,2.48453275068,2.1976746589,3.6792484122,1.15455345035
6.02117457112,4.79948097988,5.77646203516,2.87937777493,0.387952411241,0.313364579279
1.15483158141,0.346161590867,2.19113719216,1.53715236966,0.855376870841,0.437807374306
4.47062393513,2.00445055509,0.904082903045,5.31832044659,1.83545276614,0.518739412351
2.61627988484,3.4971157027,5.81783089571,1.2845805068,5.87301797176,0.407640280975
2.33557961261,3.38991722409,4.78138371205,1.74147320499,3.58359684259,0.935340580009
3.9807336011,3.36124568833,1.21913300162,5.33135672863,1.0637365579,0.542059349145
3.18908896599,0.363307999667,0.745248466675,4.89569233341,1.58629894958,0.441228303851
4.23512443994,2.45649424769,5.71148288593,3.84864542362,5.45334520826,0.478190402997
3.02818826894,5.20645883065,0.698088110405,0.0732060305316,1.83634202438,0.398592548645
0.0817584210833,1.63791637826,0.5113717989,4.81969303147,0.587174275895,0.325757445085
5.7537775153,2.98026086001,3.48602730467,3.94765476667,4.77464539967,0.592862459029
3.37740405467,4.98103012198,0.948581755291,1.50628897659,5.36638425133,0.473794923352
1.95615297094,5.73755888882,5.76915534665,2.79846953963,5.82395152625,0.341677281929
3.82090532962,3.7644375348,0.751744819019,0.824710427599,4.57994907273,0.539344494276
0.536611547248,1.17705721411,4.66733851706,4.25114407807,2.98475588387,0.533702949314
0.602336762155,3.76432511385,0.48392064289,0.155343871982,1.20459095879,0.345075096377
2.91595142618,4.85396324869,4.01892364385,2.8129751137,5.26232398751,0.683268384111
5.80330766669,4.4727283784,3.9908082554,1.37637662489,3.02152988925,0.536314378888
2.19665114569,1.46160547962,0.403831154932,3.64622966238,5.44584029641,0.472771498831
0.450148077825,2.87114935489,0.496950103707,0.825724143442,5.84709808146,0.326615408719
4.79204021167,5.11186469513,0.832667071549,4.20986145516,2.85945313626,0.530441203944
0.256090156096,2.17686928362,1.22410546959,4.78319145335,2.03721098455,0.488588496814
4.71580493007,2.83559630909,3.68120515079,4.34499067253,3.30039980062,0.967651831005
1.47810699284,2.0375428699,5.83023959802,3.05972286619,1.0477091958,0.49831210628
0.735712813102,2.25527768833,1.01114725292,3.2853405188,1.9338896241,0.63070975307
1.36428155143,4.80166023284,0.27529508145,2.25525938563,4.48159346492,0.474038586857
4.80138316143,0.326781213217,0.360978798682,5.17768925891,4.61976310749,0.336457046422
6.01997770767,4.02449971062,0.911309213163,1.97005511781,2.06940156557,0.465998552581
3.4877113575,2.39140371431,2.154177681,4.57068123812,4.99959941124,0.78191557144
4.90682453851,1.41591656423,0.276223705182,4.46542112204,3.26287938393,0.481212916209
1.85532987272,4.04497057818,3.99811901574,5.15435482712,3.8837768417,0.723548111756
4.19306810225,0.834881169095,0.0731509130604,2.30787263172,0.573173487554,0.383934287527
1.249017101,2.03878776403,4.46012670119,4.31146824141,3.81710044621,0.740223015268
2.85535530814,1.0735253196,1.3419152145,2.79719566559,1.78334642078,0.769062316962
1.75396016946,0.104207078756,1.40198951067,3.26095019594,4.13755177252,0.530391753345
5.39890472695,0.467225868613,5.34346329689,5.03489291693,5.79743541655,0.288784118597
