0.504685107112,0.729415778326,3.94506092081,0.692063656708,4.3291004382,0.410368074045
2.44336484673,5.45957416783,1.80796777346,4.98081381659,5.82419643645,0.405186426819
3.67425381661,2.44472913444,4.77260314238,4.04860885142,0.859035094586,0.685477208062
2.3734460396,0.941680326822,2.6149738052,2.0636032606,4.89520991755,0.701943817297
3.57233366774,4.34765906067,1.72266752362,5.52422514691,3.67580706269,0.640871305883
0.280546573708,0.368403430061,4.40409907628,5.10111912045,0.12832153903,0.294520790563
2.96641251181,0.319200191354,1.68184383686,1.64219671217,0.501821086292,0.45434143341
5.83618220645,4.05072095333,2.72491015782,5.24794233448,3.16059771854,0.518063452644
0.487436684598,1.79070168166,0.248350142244,4.29956546106,5.6489028974,0.344204330396
5.88069694622,2.40219743538,0.163960915822,4.4089931737,6.0151376758,0.305108578248
3.99188557558,4.07865493213,4.524014173,3.60418464311,5.63856727513,0.595343378685
0.506045269204,5.64182554092,3.09393357245,3.32883357513,0.630412757505,0.41786889072
1.46309118271,0.808166342048,4.69590997302,3.44310396196,4.05271052078,0.611737728866
5.90899387401,4.43634084578,2.02977127129,1.3652261278,0.69788591382,0.409184070178
1.08860630424,3.2610924158,3.55524482834,1.34096817515,2.91967032893,0.848267695372
5.5322172878,3.60709175848,4.51894169641,0.830068476305,5.47809660688,0.401003563009
1.75140909623,1.99997988549,1.28148318162,0.551241693976,0.556097556973,0.444812236517
2.4163553164,5.91291818698,2.59831164637,3.83842092393,2.08163794848,0.643773003495
4.82386823123,1.64362939046,5.07312695085,2.88294371529,5.62246366252,0.468272002325
2.5051258524,0.606696678861,3.02530674413,1.53529978643,5.61416456709,0.501186691312
1.59931781753,1.74000692167,5.48695186629,0.0927732295099,0.69113988526,0.35066525283
5.56994219952,0.406650243565,3.10763185399,3.90179084597,0.39751257776,0.385686138387
1.14103560655,0.0861468150235,2.53865169127,5.00569750366,3.70783021637,0.461191276325
1.47652099932,5.68652988321,2.1757919961,2.91844867068,3.10253092966,0.656387070867
2.52496726179,2.41073662619,0.883616456386,1.96467034048,4.66566690954,0.719511397742
0.457005773887,3.4598581778,3.87882457907,1.98597869561,5.11761893311,0.556694584527
5.03926681616,2.83733408256,4.50016207599,2.02837301583,3.38725163427,0.798111449499
5.94243670079,1.59857122054,4.95044640984,0.964502563854,4.55025446339,0.385019414014
2.1768509851,1.31893772602,3.30923791777,5.84921479152,4.83536117999,0.497865443019
4.01750548947,5.37106145671,4.94401869128,2.57515509146,2.87877352438,0.639727830943
5.92879180251,5.94431364151,4.28368882839,1.51075175747,3.15263479591,0.382616669318
0.650181245506,3.47607943605,0.709432308023,1.93137417717,1.83568908343,0.540757392451
0.434991698693,4.55784971947,3.23283948009,4.8176105009,0.260060441819,0.402068978237
0.454098202675,4.90201115046,2.94153122966,2.65945754052,5.92163518114,0.420971055832
2.95098718147,3.49058530008,3.71162330495,5.47906585019,3.79638857964,0.798117325475
2.10467682991,5.24936579273,5.67351469119,2.94840330757,2.7046955675,0.552522886998
3.13191018735,4.44071082586,5.44739152632,0.42259078288,5.33016278362,0.397527851649
3.16885877721,5.16610925879,1.13661777821,0.793842817249,1.02392578602,0.455275245734
1.7841534975,3.49151774032,3.94790531172,4.79009723606,0.229887896411,0.540646739117
4.23317597203,5.36414669673,3.69283155269,4.25458781153,3.61656603679,0.687565334336
3.55324909238,6.00584407275,0.385716633352,4.78649859703,4.39986655648,0.379840147038
3.80124820429,0.772591489163,1.67538635539,3.35493479733,3.67580493085,0.772759326137
5.74474207597,3.18800224897,0.311940296644,3.47338654293,4.3259300503,0.459204202339
5.64271251251,0.304040108122,5.58626717544,3.07192097703,0.688875774551,0.319617738437
0.290522745221,1.79217828118,1.33493137736,1.31642407701,4.88596930808,0.43546682295
5.85100860621,5.16559506285,2.18039891883,1.90325681703,3.07511118729,0.507658400583
2.12679924363,1.02939143407,3.25178572044,2.54630452313,2.49711697612,0.983486799172
3.73299847788,0.264792117064,4.53860403895,3.25379173612,5.76514485855,0.432968139854
2.63285554866,0.0635001703991,1.53706875686,2.28809937055,3.82235110093,0.585443830472
3.16220168674,4.47341549143,1.60560612236,5.45593043953,0.637470982961,0.481817773641
1.85740463905,2.92545493251,1.12301384799,3.03610981613,4.77165099219,0.77075987989
5.87664132375,0.279981033829,0.848276889254,0.743052480544,5.97256304616,0.254884712611
3.4783471394,5.91920482264,5.2555692802,0.456095763039,1.40870149719,0.359171596189
3.95373379338,1.60904859769,4.09808044538,4.75083702805,2.98824394243,0.825375126857
1.02951737297,4.80001526893,3.53854818231,2.04506238354,6.04891875399,0.442072923298
5.85564983906,2.29231663617,1.42267343098,2.60933209426,5.74544289546,0.419575919433
0.382849072072,3.63418055798,4.77622119648,2.9831477762,0.753388357484,0.488897777593
0.391963007157,0.692656832641,5.40456191188,4.16927073383,0.816603160434,0.344328627381
3.33994050907,2.75689155628,5.47176203864,5.45285308224,2.42371722087,0.567123008374
5.67815291028,5.24534372357,0.10614482917,5.93890833403,4.02356883393,0.28350019334
0.943198588633,4.90783863135,3.81636801834,3.64541488251,4.02399720558,0.666583669086
0.694603641734,1.35768319153,2.08818618898,3.88212945756,3.51223508493,0.671862472267
3.63105136264,5.53889469372,5.43348185735,2.57328949032,5.50440760628,0.412878756012
1.76974864146,3.4280901869,5.85195659614,0.980576428103,3.46930919298,0.522773074086
4.52115924597,2.47624125336,2.95134806361,2.87277210894,3.70028005171,1.23499561005
3.83501464475,1.33529393895,2.48968205252,2.49019422758,1.86154772483,0.972299607844
0.379897005243,1.01663830804,5.66312372419,0.535126608899,3.87396140236,0.336357177162
5.29683888608,3.23040963644,4.88314081351,1.92423333594,0.47137465913,0.466722742599
0.777390136688,5.34937808384,5.6711196415,2.31728098449,3.95123927621,0.417267992626
0.688475576907,5.32953302057,0.493071087041,3.82926202308,0.117609423846,0.322056910359
0.411200899781,2.37792244164,3.46797254169,4.87841973477,5.99692321283,0.402935481473
5.09560745196,2.3054410012,0.657556400321,1.48831973752,0.082192953508,0.382265919614
0.527739548377,5.16673239977,1.6535137422,3.61662532658,5.36917372956,0.423494864417
5.07034487721,4.70825164297,2.1545640942,4.72030126658,0.709813452437,0.47340405761
0.469011528346,4.48162772357,0.747487504489,4.48547098986,2.00342425656,0.457148642368
5.08646137483,5.58802846262,0.731604689839,0.248564708278,3.32035460662,0.346382090338
3.00910989154,1.09944888653,3.38868221201,4.45812626573,5.57583527588,0.570635845343
4.6591287453,2.17914737183,0.544563874459,0.573595042603,1.06332194777,0.415043902207
2.44656074796,4.77526103127,3.83936403306,4.80510509613,0.271175853968,0.503340562013
5.27191407083,1.90197805179,5.64238651183,4.57905680786,2.22986275241,0.466505293059
3.49816245682,4.4694979744,2.55718195219,0.489243511822,3.81858031729,0.685981630439
2.7946366282,3.41768428911,1.99522431824,6.01520181051,3.75409786251,0.629472639356
4.4483443444,2.49768698103,5.64537303124,5.32903988127,1.78570020991,0.470655368862
2.67421070933,0.895711265211,2.8699153077,3.73060009822,5.6151734265,0.590876849998
0.340571417333,2.57190699134,2.77997424944,1.52976163893,2.75821613597,0.688501546925
3.29585011645,2.66699528778,4.33368908182,5.19886544316,4.89016156545,0.649989412629
3.92479842991,3.63599747278,2.6740005986,0.849748381246,4.01810578677,0.831521866545
3.71766678962,1.48123273219,3.01704065102,5.75581522681,0.780384923712,0.491564781053
0.507944043627,4.37778063908,1.96829528057,0.603820570496,4.24014302503,0.466142495283
2.93335067653,5.00860669976,3.86545024939,2.11844786666,0.689600809378,0.628811156641
0.42376912344,1.06906698751,4.37916817747,5.28308973216,4.14030739644,0.420514861712
2.38726343789,0.687888089982,3.54025525035,4.37043049328,3.68603436888,0.748396212732
2.49918879995,1.32807294305,4.3276574693,0.164678094897,0.0875793443061,0.379793891249
0.330667386353,0.996551203715,3.57814101408,0.4899456729,1.18517004422,0.38362134488
5.8982155838,5.04118483218,1.04691493721,1.56290091287,0.652030054439,0.345317615679
5.59221480286,4.06855408839,2.31174456706,1.30557304233,5.60551125861,0.434879934851
4.98254076411,2.22232351958,5.13598373202,5.88607772949,3.94879496736,0.428681692047
3.37743871208,2.16368360183,3.10075286482,5.45278419262,0.587898959065,0.565405613453
1.41486638476,4.96868392826,4.01353106914,0.558032892482,4.47339837495,0.486624721917
0.698184403188,2.99134763567,4.70894199547,0.190326886918,3.41602147101,0.469786844912
1.21444341025,2.08680348694,1.90638021867,1.87245722521,3.47194554767,0.85380838837
5.76243296933,5.95276303858,1.07209016858,0.533740391391,5.63106889385,0.262662694192
3.6285904441,0.152287153639,4.07431621888,1.55420182122,5.67327235743,0.41848941106
4.06246042455,3.48417003279,5.3992203321,5.71277636072,5.88028479088,0.360039930839
0.998614949143,4.32441598571,2.6124507647,5.70909422321,0.650817251539,0.420739683973
1.09058104847,0.869051539929,4.88194203333,3.10993370332,4.69729627041,0.509646903981
0.642776341171,5.15462285635,4.07368476479,3.6475076888,2.74922191024,0.594040895544
2.43868423163,2.4793372608,4.08852676068,4.58882156831,5.21233128174,0.704730610976
3.7245365463,3.12725799234,3.6903964744,5.56952586714,1.80870606593,0.712279146868
1.09040207322,5.71215796012,4.58123657444,3.43569620881,2.6561393071,0.53161104088
4.26197474796,5.83160289916,1.06507385944,5.64780403293,0.67584326872,0.325022876272
0.409553892422,5.13420920745,5.45104526586,0.798191216327,1.53228037527,0.34158785288
2.39983117484,4.49256757113,3.33484874658,3.91432926688,1.43654361739,0.910707155588
1.22696116942,3.16800647634,3.43836639692,2.30894944579,2.00945203223,1.01804027288
2.49420091198,2.95296610915,3.04489297353,5.39687096844,2.27830387135,0.867611505295
2.34345494182,2.14556056237,1.23368442724,2.65516288286,0.0840152568588,0.558569705423
2.2418666401,4.85703050442,4.80861851663,3.91741732289,1.68573791852,0.672794986314
4.2791214465,2.73958537163,3.8993807519,1.86249821844,5.84929960228,0.590832464444
4.83361429947,4.74045155058,0.559261718654,4.77825333287,1.77137578868,0.454128095846
0.142018792875,0.363991591301,0.398122162395,2.1339296455,2.95996423517,0.361820080588
0.28915024895,3.51329020444,2.35862537001,3.61233056165,0.556938682791,0.516341380106
0.210613091003,0.701672799003,3.29330522747,6.02254059454,3.36050111628,0.364767435723
1.85971807477,1.17789668164,5.11984334629,1.64276055733,4.19976922272,0.574858529653
1.97058348736,3.27887765739,2.40996249384,1.18310251047,0.444968483532,0.612935968231
1.63285050908,4.73183546967,5.80574881997,2.60903728852,5.44779943755,0.418670139465
3.40407993285,2.39600744904,0.307453547907,3.93664380245,5.33081692057,0.523892013543
0.233294294337,1.23375395432,2.95198728736,4.52829311118,0.661018022834,0.42403233268
5.15994409838,2.21410676804,2.16772165584,5.35570824657,2.23002168182,0.58418374358
3.58637903249,0.526245255243,4.07244980122,0.866594284509,5.70611735062,0.408364238094
1.57499007886,1.11104153315,0.66533423006,5.31261902494,4.87032986,0.40167382041
2.44444054757,5.8608472089,2.92692806733,2.09856665127,5.75195205145,0.456949533736
2.02370536156,5.14861047098,0.408095114833,0.298129008441,5.2076489751,0.339426376638
4.41443728565,1.31794853237,3.87973550509,0.589437896572,2.25598363596,0.589336502717
4.55742047494,5.39220476315,0.35260918069,3.38648651579,0.0501522946064,0.344734227106
1.28379456902,4.11181972897,5.80746323631,1.54376627026,3.45299567268,0.515751681194
4.75176092704,3.67813138481,0.559723895385,1.64792828216,0.237717374835,0.417679902091
2.42889272037,3.96655297079,0.535529975471,0.611610846091,5.32789798276,0.426302662114
5.29870843122,3.34688436395,2.81145916448,5.20642277819,0.114039941778,0.423065464942
5.73118643572,3.4037291444,5.18278413376,4.57400248932,3.43711357476,0.498616954816
2.05459651766,2.33752616986,5.88880950879,5.94057787201,0.4512332056,0.335333147422
0.766104886985,5.40944984043,2.27154487365,0.351624572508,3.22003931276,0.427557034517
0.30194502507,5.71301851447,4.89600521679,5.63923528519,1.79508877641,0.315934006804
3.86504909324,0.976353302018,1.96993580795,5.92156608248,3.62979619008,0.504116622717
0.655644305112,5.30104679359,4.7850923629,5.75511532633,1.03951276702,0.328822487626
0.804672900965,2.03282031054,2.54261537835,2.92916525434,0.526045313036,0.585152310061
1.16265239424,2.86817830784,3.41564659611,1.41292764383,2.86515298487,0.90066010358
3.3022661719,2.72684943731,1.56636859343,2.02088735698,0.357123630802,0.659424769373
4.24766039731,5.56721916057,0.697591826555,2.35682570675,1.81189595704,0.493251859027
2.24357548182,4.24636353418,0.793135056734,3.79450798531,3.44909480981,0.779497222801
1.82803706705,1.58171676139,4.81294217635,1.42663787315,4.5503949022,0.604193956854
4.51752302895,0.822018482454,4.92043738668,2.53518757778,4.44081674942,0.554736921542
3.62813577661,3.58748698198,5.21267445772,5.82539835483,1.12525078486,0.451810272235
5.81307287779,4.557345607,3.88265680622,3.92614517371,1.97845356603,0.55496700095
4.73533873872,1.48146227341,5.75278087476,1.51031256485,0.538218711822,0.382048376959
5.60340729357,3.09451524067,0.38073629583,2.83677107221,4.3041217271,0.490807610739
3.16568383717,4.78460580221,5.86181310463,0.339794363284,4.33805807348,0.395736545205
4.10091401433,5.88744388706,5.89053577331,2.86902306229,2.99770560337,0.436267794254
5.29149517984,2.37427069646,1.58060049125,0.547029845386,4.51220509531,0.477076267884
2.52640953057,4.23720531301,0.203660272408,5.32522314287,5.89190881754,0.352804868469
3.24517813641,0.362549131647,2.1717205636,2.1943324317,2.10882013655,0.706933204695
2.13015284115,3.51208337317,4.47648321848,0.0584680224965,5.66170848268,0.417777806333
5.34422674105,2.23892388492,1.46081286309,2.69591281971,0.334414665428,0.484459810718
4.29435890118,0.507138403865,5.24959459198,4.48222409157,2.51478806909,0.490609281922
4.15749531004,2.50785542238,6.01470588154,1.59525922847,0.348441902176,0.405276534944
3.69447563809,2.87561948919,0.528098370564,4.71059996913,2.57372817062,0.679535967259
5.29439489125,5.43180936149,4.77007753904,2.06184984332,2.58867878813,0.491148761667
1.95303024712,3.11240412541,4.27335015373,0.478802611816,1.70220522892,0.634078879995
3.42528272889,1.53230889653,0.473690746323,0.214257256168,3.15336623089,0.465092378611
1.26887505505,5.23488419123,2.74723323991,4.06213471641,0.492204774361,0.488458721559
3.96425696628,2.05101352867,2.62515286667,2.02937081777,0.15710643593,0.625193731157
0.320717921015,5.46837733577,2.6632393622,0.198010341986,0.0640452993763,0.286896109931
4.83819095807,4.33711760894,4.51115397532,5.4302854628,3.85578363977,0.523860019055
2.91872816176,1.86881112715,1.90334122088,1.89386633456,3.62031594439,1.09924205573
5.49742122732,3.37542872672,2.32257587906,3.90814752982,1.40384734519,0.657488210648
2.6230325879,4.80344007869,4.75828044548,3.759090877,1.5660873086,0.708296799826
4.46829987215,2.970140203,1.03899409623,0.801969422755,1.41161302313,0.544761651716
2.70007232897,2.5040083725,1.56587377544,4.70736547132,1.89195995721,0.86688676949
3.67079535328,4.62229926571,3.51869887095,2.33650404228,5.38915968997,0.689694140498
4.54778806732,1.58314753739,0.940957481414,1.88989140151,0.619457286144,0.486805155784
1.4581403069,2.79861767668,0.677281231321,5.88584444082,2.85411194347,0.472538650395
3.66073174281,0.629186521709,1.78547268333,0.706418165525,3.40491228707,0.556889889118
4.26673188525,3.53655823345,1.89988621716,1.25944504652,4.93821089707,0.671639134922
0.531178663107,2.84318768979,3.88195235452,1.57816270837,1.44949388643,0.612625000196
2.90867114161,3.22671628334,2.07416968239,1.85561357811,5.66189831212,0.698703336424
3.0806655905,4.96551131582,5.24821076063,0.48141773624,4.67349658712,0.433500188092
4.82080484108,3.63083811712,2.61003322388,0.46046626151,4.61496174672,0.557951830397
0.234738650188,1.43330773774,3.49350407047,5.66723977423,1.4912138793,0.404279789681
5.16591566703,2.91238238149,3.29441911223,3.93198071694,1.33378933417,0.744579673463
0.587066764311,5.28896533492,4.6623222886,5.79727233939,2.33297529824,0.369077519309
1.84907857455,3.34014524474,4.59081638986,3.57743851823,4.91049563458,0.771935839443
0.647869739647,4.91163747364,4.46400697645,4.77553101672,1.03807928513,0.428598963566
2.78363557988,4.82428882746,2.03662186096,1.29468329812,3.73019172509,0.784669089124
2.38402232568,5.09840904798,2.70710621876,2.6675881546,4.40585245497,0.836438292992
5.51816725369,0.0708274413682,2.77342993865,3.78443874604,4.52746650671,0.436280182839
5.58820003542,0.0984312143329,2.22661304285,3.76871799542,2.88121426256,0.469020148979
5.37396613966,4.22015954145,2.8062387532,5.04101658588,0.421227048624,0.43520141251
2.39049056514,0.843149187094,5.24451859146,0.641056053616,0.898768348953,0.39934249247
5.30993299666,4.59634791528,0.373693633777,5.11878188057,1.66531784816,0.383844516334
2.49257647222,5.17612855702,3.1473972377,5.19443750868,1.41230441519,0.5763332222
1.07912812507,2.56522401477,5.55052521407,5.52831592665,1.30263525105,0.405557988913
5.26996666666,2.38601846303,0.54512280601,3.3770596277,3.71206876915,0.581214228701
4.39641839003,1.13358947341,0.133756507653,0.623760493303,4.82534519205,0.361961815156
4.86394693473,1.09059283305,1.70599998986,0.968558198716,3.41864365532,0.552590348589
1.55590661324,0.805114257526,5.1776532014,0.905843330332,3.16253132803,0.474901205635
1.51480833075,3.96572309397,5.25557023447,5.75441936078,4.3996084715,0.439140749179
0.0910010766615,0.0724950710873,0.0980409889808,1.33732206268,4.02414993159,0.291823340947
5.08215482493,1.36811454189,3.38304063955,5.43567088022,5.11354587568,0.443563078687
4.77936713923,5.14712424158,0.33718290291,2.15742397604,3.13740043933,0.485538289287
4.7997671354,4.76224381055,2.74376460994,4.14857078462,2.26216181305,0.753355732595
5.47168843461,3.01824555972,3.08733784067,5.79659940189,2.97723163644,0.528019593937
4.49309018695,1.18846788104,5.59944611654,5.55052992836,4.37424093783,0.38968385097
3.98199958393,1.47436867895,0.39469572966,3.48189878565,4.28671941603,0.589366956788
5.3018200921,1.93739245831,1.51137040304,0.263773537638,4.5887073063,0.42275335034
2.46479838499,3.92014781062,1.87271816092,0.479363880017,3.60596255232,0.707980933149
0.65231685032,4.77693725402,4.17433672604,4.52248390235,1.24500928595,0.489089906632
1.13300140409,5.83192275447,1.85170697481,5.1661210372,2.98197865418,0.444119699525
1.2206856842,1.6585890472,4.16745231632,1.09642737273,2.22180348908,0.642778190327
1.88483060534,0.520037514231,5.15438777552,5.33226030485,3.39882985129,0.441818925138
0.71003255903,5.9021301509,3.39268711884,4.7117783916,5.39958338071,0.363521370198
1.64217222428,2.66434563553,5.67039378686,4.39598913675,2.98486431918,0.62358221348
1.22625478816,3.87263320819,4.85694406732,4.26674362638,1.67449240532,0.6362330176
2.50296395133,4.04359186821,3.94492339727,1.47354745772,0.970095711026,0.731016711287
5.2622204962,4.09368645864,2.54225035673,5.25273735463,2.49073341905,0.593207615535
0.278972334263,1.81654780393,0.27558216189,5.3587096546,2.48364341096,0.369588231651
2.94469203614,4.73369085413,1.66785709714,3.09666257923,3.78615136379,0.960547870389
2.03718973481,1.7979460651,3.2525350556,4.41608005304,5.77464787387,0.583441983123
1.22859817735,5.42485076055,2.09969289715,4.76088042524,4.32371244811,0.508098247062
5.19436133446,4.44889298953,4.54805076747,4.27621556944,3.38150700963,0.621687666838
1.64431577923,4.54131985355,3.21272849806,3.79853018142,0.702798817696,0.659040090685
0.0797749007993,2.36071033529,1.06624696707,0.409339225281,0.211995311159,0.310942372156
2.96494874629,0.793766937855,0.174597114597,2.68555953678,1.49593258996,0.494738800201
4.39902972016,0.740664862563,4.53045729172,1.90009822697,0.738511816244,0.482432424473
0.262866664718,1.1620571482,2.80006883985,0.277049305611,4.22119501628,0.40297097537
1.88359679643,2.7382649663,3.53479456458,3.26062350483,2.57585541742,1.46013329327
3.33251892159,0.47202044124,3.18199276958,2.34434902151,5.70209214943,0.519061197833
4.3664903279,2.67406540409,2.15442988451,5.38977321953,4.63859639149,0.621715315865
5.23084006865,5.83820235679,0.919601311155,2.57915341579,3.08490069804,0.44356876655
1.90532650272,5.63363637835,4.49702656786,2.20943978152,4.95365088825,0.504612755113
2.235724867,0.707281379728,5.56199505744,0.73682811084,0.705298863903,0.359814555665
3.20819157249,4.54991667667,2.54933056338,0.132660161977,0.856095755277,0.488599709799
3.87662744043,4.88662102814,3.1736456415,5.85797293289,2.13147490533,0.547036599954
2.89872845374,2.80877292747,2.14798773332,5.42423234003,4.76031753322,0.678041082552
1.65160928081,3.34889118888,3.9968203075,1.65230101434,4.04704682218,0.921987594237
1.23025032856,3.362329523,1.0014988456,2.25781828405,3.52009650614,0.764605639011
2.27654078091,2.73379748055,0.510662313167,5.81288576876,2.02225293949,0.484041753179
2.60235076825,3.50990821326,4.79590642008,5.62429148527,2.73705760151,0.641048009009
4.85419892969,0.942660698119,2.44716251216,4.35475565421,3.1649937471,0.673903774059
0.322248455401,2.97856583515,4.98123726188,1.58789343757,2.8340370212,0.55194636296
5.09789290641,4.36641377573,4.47373099691,1.21539608258,0.104664769392,0.399873615237
5.17445414137,1.87310247796,0.143273189564,1.28867310483,0.691668800578,0.364749584995
5.1585260584,3.26153078708,0.885278306902,0.916266550916,4.59565843265,0.474208918416
3.2471920757,2.4578704665,1.82640555216,0.501524812024,5.35331575289,0.540166640721
1.69997013125,2.11453860055,5.28562558168,0.269290204687,2.23602585761,0.482191781705
3.45852547251,4.73923355915,1.86332026637,0.680000851296,0.450299013407,0.467058569937
4.69775201254,1.85687230452,2.06488047235,4.41777138955,2.58356360634,0.816523406854
1.60368559949,3.52034154291,4.11119597896,4.83270558256,5.69193935989,0.524643749851
2.65598814808,3.56791024978,3.95934555876,1.77162363659,2.74981818304,1.26060332235
2.46929956167,1.17419151134,4.69803430904,3.80018236934,2.88109454544,0.822844098123
5.79575830748,2.64270042622,0.457519755712,4.94549581496,0.0648563640394,0.314384781747
3.7637728201,1.36009868366,2.60167136663,1.36266942339,2.39467112444,0.871189006663
2.23467175205,0.999360534536,3.40439278733,0.171450002852,3.19910438283,0.56204540751
1.49472676238,3.8738490844,1.67148261101,4.83278357986,3.38715859386,0.751687220835
5.69600246545,0.158338351242,4.63180696904,4.27696791781,1.18626366635,0.35808217376
2.11696988625,0.131994680433,1.33208587109,2.87953010352,5.47519937214,0.436143011488
1.33784401929,1.96026067405,4.58232928575,1.92038476878,3.53428669705,0.7813343804
1.31731615871,3.5288475917,3.22373306032,2.43727185483,0.244482675935,0.62225043649
0.274364104844,4.53572976427,3.05780997479,4.46751661158,4.66676748727,0.507032083823
5.87920241821,1.87616840611,3.87614574966,5.67967227272,3.72398556397,0.434306118667
2.57811739673,2.45640243231,4.10929122875,2.31963558683,3.03110460466,1.39511390499
5.13710609718,2.1072474621,2.48744779786,5.98821887562,3.18333780274,0.510464415281
1.41923166459,1.29350614941,5.37609866583,2.52742948264,0.965001842793,0.489683949294
1.18545473162,3.27789019018,3.39770771864,1.60032161812,4.06299374353,0.860805644947
2.03972169622,5.30105177326,4.12991781684,3.1290647823,0.262960916519,0.499956788253
3.88664117458,1.71652259906,0.200026852514,5.86223640573,3.61315701419,0.419433966072
3.80248584974,5.32201997959,4.15151879644,3.17896698087,2.84966017446,0.805387260736
0.876507788165,2.92157674627,4.77633165023,1.79774871839,3.73663980186,0.682185483481
3.04417021698,1.51556270493,3.78177461101,3.55920154319,0.227630586327,0.632294498469
1.50737177388,1.26040446746,3.9801556458,4.85072827844,2.94023810236,0.682892027674
5.52427149067,5.89696576008,2.76993801364,5.15866149549,1.03639869634,0.352947381413
3.19188374525,5.0344089497,2.75551623148,3.03759192482,2.16719657068,1.00701018417
3.5262635039,0.391797000593,5.13553164476,4.0029580226,2.28106144738,0.550570779328
1.6384514155,2.8552550327,3.92390909226,1.52371764733,1.2666090546,0.774447722009
5.97107888685,5.13127335164,0.481582290465,2.89513497072,3.78545772401,0.394632927131
5.28285487415,5.64795007217,0.833658065302,0.202020144579,5.54406540317,0.27611294415
5.55041488422,2.32712245351,0.769124554477,4.98390692496,0.108212520397,0.342084925721
3.98442425228,4.01371325447,3.6540731318,4.69916374029,4.26604687056,0.839309959731
1.36227712835,5.96189970511,4.91128065252,5.46503853812,5.35790055811,0.315019269775
3.2033935148,3.99109620827,4.24582852446,4.99304825421,4.13305005422,0.779315525937
4.24634512487,5.29543591753,0.869310705157,3.59906315559,1.82004972494,0.552077516005
2.40098473871,2.47068257053,2.11922395342,3.98197456092,3.00917818441,1.3551749691
4.2936472873,3.10015695185,0.265943455734,2.94838385702,0.330601255158,0.469770860716
2.34603427294,0.581340024266,5.46536442999,2.64878285923,1.72182529082,0.523212503481
2.45662326326,1.13912446466,1.67395217846,3.88475782755,1.7628445886,0.779431198126
1.17407283169,1.86952201026,4.4500386216,4.18987231435,3.77291607044,0.728448953013
5.43773250751,0.408042694346,1.36377554672,0.630193564439,4.01351831904,0.370628233741
1.64982941819,5.02077705901,2.48959262234,3.24650072504,5.22197388699,0.618622513208
2.32682745265,4.18769154095,4.56847884732,2.52245314584,0.370216504734,0.607248951801
4.49675947694,1.2195903805,1.38464424654,1.3474502046,2.82715346799,0.63370077882
3.99480118683,4.34613529023,2.04103576644,0.347070781413,0.519744363794,0.45639127758
3.8432203153,3.67786207294,0.959285199461,4.28912997985,4.68545650708,0.673960985529
5.24275594337,4.65736895207,0.0753037693202,0.53068865447,3.57164636803,0.360296062798
0.49236866345,2.11865824123,5.22318011705,3.78638779759,5.96499760897,0.378542333316
1.17492473904,4.61243055801,4.7569945337,3.00153260242,4.21258000625,0.645652218258
5.997846927,2.20746064461,0.473166886482,6.04204809965,0.408009269085,0.270470835353
3.98149338805,3.3440039944,2.26301002685,0.412592825644,4.83075817894,0.599837792999
2.47152067841,2.89963960258,5.32953933984,1.11301631329,0.214861584193,0.453847775656
2.66563820459,0.78480054898,0.70421678623,2.96794139547,1.12351846317,0.531583002177
3.99439461352,0.149055668262,2.07435269247,1.39383963061,4.38314643985,0.513706396227
6.04714814955,4.96816146672,0.320079253683,1.87874156136,4.74147367412,0.337487834964
4.29060810518,4.86470579448,2.43740909091,1.68202095771,5.01912166175,0.614506285367
0.821663156787,1.75686504344,3.87499629765,1.99858632216,4.86431880035,0.604789873365
3.81345091408,4.10324350544,1.73869474054,1.6374654242,5.00411598314,0.697217777106
4.41227716962,2.54893016784,0.157783966226,1.06662283214,1.19160259943,0.448743784622
3.90170546791,2.99063986756,3.6154462452,4.25413557317,0.0921312727188,0.616504148423
3.82902200369,2.25802567318,0.721890920234,5.62446398315,3.96861956189,0.51938286422
1.4888628356,2.32337234288,0.173777188599,4.26258858555,5.64110383309,0.41154879522
4.67429255851,4.79924324396,4.96010397499,0.411494021383,5.47069365469,0.361177340226
4.14619805661,3.55677806337,2.55252285379,1.65788707434,0.310648074127,0.630600978992
5.07852027178,5.16451682573,4.38219582109,4.99381134727,0.345445046597,0.37122569381
0.780854401486,3.63600489394,4.17526992329,2.27590565642,4.82391309444,0.642618164196
3.81327116055,4.17787570908,4.84804401409,2.08749407662,3.86277844975,0.830487421929
2.28688004532,0.898662373328,0.380089142752,2.45078914906,1.13683095411,0.486354728548
4.40957064556,4.72518497489,1.00865175948,4.71097164671,2.40586428858,0.581089883505
2.00465931346,1.49050661112,5.82318148714,2.27195362776,2.39237957097,0.583468657607
1.75855885128,2.03243263066,0.326130436819,4.29605306927,2.58713455762,0.606900975856
3.60481066903,4.47568421781,0.396416505209,0.203969748962,3.66863578792,0.442733606638
4.38048463266,1.95558572825,5.00446254996,0.483231939739,2.0706231346,0.520500648476
5.81261977299,5.81765249902,3.68625484465,4.90580836674,0.75637369638,0.333478887692
2.72433005892,0.848294141044,4.33229931114,1.05846461559,2.23071245179,0.631224805465
4.88409860666,0.814782324379,3.92695265793,5.83109351076,1.3892928264,0.403328051003
5.5543834154,5.69933143654,5.61045488876,1.21094001296,5.32069236939,0.292294346955
5.93390795344,1.71645749911,1.41551559806,3.88326671824,3.33186623055,0.536015315512
5.03473116429,3.29445281771,5.87378975926,1.65155318995,4.22211868352,0.480829708296
3.1426774311,1.14949643363,4.22560381228,0.249085970083,2.64824630656,0.566955015664
2.69678820739,3.60085639675,5.18397952113,3.64229619973,4.91266687731,0.699615215912
3.79192996181,0.17955827044,3.28525684948,1.63709876346,1.20121488384,0.53314726468
3.35261427304,4.36401252125,1.6563940837,4.87651308601,2.92393980574,0.811870827295
5.58003833317,3.51756896049,2.22262466024,1.87557726778,5.25924144853,0.529176510676
1.38658294436,0.803151277789,5.7261812149,1.16662176694,0.0747836283069,0.314668365083
2.46895519597,4.62614415342,2.56083284386,5.66568099263,4.78426385615,0.543222183409
3.61359622159,0.0835257314814,6.03583307908,3.71445606609,4.94978378142,0.364820914184
4.13345088779,4.86037422262,4.20442057071,3.51345229018,5.05203788029,0.638128505263
2.32668277532,3.13040098189,5.08685452256,4.1718307603,1.37803217024,0.723102959526
1.08514287634,5.61654915765,2.45050615765,5.86448287911,1.01051011863,0.357420075549
3.13508388146,5.14208069732,0.332999409094,3.72658264258,4.16162189009,0.537722951544
0.742764260784,1.66946690297,2.12423610191,0.906204143061,5.19441020954,0.458047201076
2.29771619609,5.34661906658,0.791200182473,5.61715056903,2.65790201007,0.437730086031
1.77219250099,2.80727782761,1.52170617481,3.73538786112,2.17855590726,1.00547264405
4.8489228508,4.27291451682,4.24256229854,2.10138490627,1.3520015443,0.661980018584
5.94477676094,3.1463510897,2.33979461938,5.93661216547,2.12130271171,0.42508331827
2.8285729408,4.32932802553,5.91679234127,4.41924494758,4.8521931688,0.481949693463
1.69151525731,5.65898573296,4.89032604323,5.44443423291,2.12959596954,0.415135303538
3.9222400111,4.41141052133,1.30594921775,2.29197989799,1.6967680063,0.77446613379
3.64662431382,2.65836143794,3.59472206653,1.2159262846,3.36604209197,1.08631416979
3.96210180223,2.22514613384,5.74640875701,0.638282545018,2.74118836444,0.507266793324
0.714008286464,0.30604263389,2.94000041609,4.66333956736,4.63750564492,0.43601696118
1.46235605498,5.32919618329,1.26532217322,0.593353380323,2.81032973708,0.462394951754
5.96452916131,0.487590890928,1.91945514617,4.31679080335,2.17876163608,0.422358290777
5.49452687962,1.47219690118,2.52431408671,3.05145776742,4.00588167043,0.675786651407
2.5458038331,3.36652406604,2.44480679664,1.69522405895,1.37700298011,1.00145881254
4.08877975967,3.72323065204,2.13703665506,1.4425112364,5.45787795895,0.628134983004
2.06332402095,2.4595238585,3.80313872428,4.78239686926,3.72634469495,0.950658596655
3.93779414147,4.42394197997,4.21595393341,0.47341948163,5.29787750463,0.475071508045
0.600858702518,4.03382174037,1.02520535589,1.71805797591,0.177587721505,0.394728532049
2.89505934372,1.12450048231,1.87099246935,0.643530937992,1.74278145624,0.590433307366
1.11917038858,4.77176347079,1.24506274848,4.18422916835,5.51233298443,0.445024235306
3.35657018249,1.51827532118,1.98654189804,3.16951651856,1.9380020661,1.05193142391
0.782850011153,2.42654926824,3.66227859571,1.6245314487,3.8843147112,0.748663317953
4.99046132731,5.22547170597,0.856711127233,2.84570196706,5.79001780172,0.379991833707
2.36997411167,0.70265926568,5.28578373828,2.37170006933,5.21638111096,0.471550855891
3.54533233589,2.55662787583,0.66285750073,4.3600931655,3.11584147397,0.780063211533
2.68166797793,0.403969885687,3.36461770342,4.52237842562,2.80948227778,0.697954244355
0.444923025044,0.647677134265,1.96693380047,5.56508619706,0.941267348828,0.345457577982
0.578371225076,2.96173763988,2.62293522304,4.62333934087,4.85307688289,0.585581153489
0.172122580944,5.29880396056,2.13327587749,4.37586216576,3.32753497149,0.475446133401
1.97952100466,1.46085792101,0.520196713363,4.51064865915,4.72742040348,0.504393248005
0.415418857425,3.97133672076,4.42573897937,1.30355284758,1.15760556046,0.477814212736
4.20253823045,2.12770656267,1.18483695821,2.88957534591,1.35771769404,0.75693948792
3.01875366445,5.42434460357,4.06716019063,4.76434541887,0.566003448184,0.47497175971
3.89222090497,5.07911455699,2.84452382641,5.19016108656,2.73016660072,0.666108735174
1.52812227896,0.225874223533,1.34246792522,0.562424625844,1.53896429354,0.389316994228
5.57439650732,2.71850384556,1.11875782624,2.39244287123,0.648092925239,0.472893236404
1.72222595678,3.6924032904,4.00881464735,1.22282713208,0.544623401655,0.577465446119
0.736638748124,3.92214898595,4.40151487021,0.661360931194,3.90795256174,0.519993289895
0.918164655336,5.46090221645,2.84249125317,5.64398365211,3.70624628194,0.436598850614
2.11525951482,2.17679418232,3.82303083246,1.63783982311,0.914381351712,0.749451095133
2.62159123228,3.03115925085,1.07992087557,1.4040620298,2.65095715981,0.869586628318
2.89055775325,6.04542093323,2.58186671909,5.80784610203,4.69420277722,0.396577937078
0.666325347704,2.09894332298,3.76105155931,0.938392064559,2.95501325586,0.621527561233
5.78775914216,3.74088749502,5.67188242227,2.87373587061,0.106678893092,0.34665985506
2.81286295186,5.42683527627,3.0337369689,4.60769063233,3.01177412941,0.740165291538
0.448580632882,5.83022185462,0.654094358601,1.47296598037,5.35986621821,0.303730066947
1.26723379239,3.94420397956,4.03072718502,5.17465131039,2.47884015558,0.668578161921
2.5023309153,1.7530884915,1.94077776766,1.05122030621,5.28210286056,0.590662209559
1.9940415334,2.44862325016,0.924838778493,5.06049909348,5.72856802388,0.448169171915
5.99680925675,4.7057781224,0.459487605666,0.348718580807,4.42986524513,0.308465314815
3.05746151427,0.308345508103,5.04673282168,0.874431381348,2.30642683406,0.46649391889
0.332632263831,3.70222152339,2.14576225215,2.58562869391,1.70698960047,0.658706535863
5.68916109855,4.28913997676,4.81906634371,4.35082494128,2.95584154699,0.525509556931
5.06020564851,2.19989734842,5.07939553185,2.66017675114,5.8952949206,0.440398457567
1.80937335443,2.37770045693,4.98088150167,3.21729526644,2.50133971962,0.907060794709
1.11710738284,0.861327222253,5.12264628948,5.42356590377,0.336504150929,0.326875205889
5.33743066528,5.50665004123,2.5728747932,2.48645294306,1.79016564274,0.535999258195
3.24718272543,4.67937836269,4.53756018875,0.343978111605,3.69346932319,0.562402673988
3.08414255249,4.74777867013,4.00092951788,1.6225286806,3.35091580252,0.902181894758
5.02341742812,2.65765103321,3.13033078695,4.38569886705,1.63578128174,0.768659532276
0.109386944581,4.84507586627,2.59042456689,4.58382451995,4.81832902488,0.439704984088
2.67742909222,1.99808738887,2.25499635521,4.43550851947,4.90050589474,0.810667169328
5.71702351243,3.98329864265,3.84891304336,3.11616074254,0.511564811289,0.493204885729
0.92120150782,5.64922636087,1.14586364878,3.91055476384,0.122973221881,0.346212218386
4.18782597873,4.88396720744,1.34093594255,1.56999818913,5.84206612659,0.437924208649
4.05166119671,5.510664147,1.30575108828,4.46893036643,4.4106218206,0.514733859118
5.90020441994,5.8996879658,1.15596639194,4.20376457,4.21071720352,0.35543270271
5.05362591919,5.77119294687,1.1620928436,1.67492743615,3.94035598147,0.436397675668
2.8111950859,1.91372055075,2.6783458927,4.20663884493,3.26101726962,1.27498670831
1.0456460985,1.03381170319,5.74553789684,2.61391112797,4.71601634934,0.428868867595
4.97415781359,1.15822121825,0.967332311305,4.29136393033,0.868811681936,0.441876249195
2.08989306853,5.60724672168,3.75040911153,4.80959122135,5.15058228098,0.474186058646
5.47591427745,0.928358751221,2.55725391345,4.74125792891,3.36460622317,0.532402269861
4.14331212736,2.40824924954,4.35737374295,0.870984831112,0.669527241924,0.541606072474
1.41353740953,2.89683618652,2.28264750051,1.86764665973,5.13404791173,0.720539715501
5.53645818443,0.229456188517,5.88502326276,0.975584621348,5.8442313963,0.252392668487
0.56856074378,2.47584705782,1.36188689521,4.32838499403,3.01886513543,0.639590240903
0.680910752076,3.04411104177,3.8989208073,4.42793109466,5.78538001463,0.476519311306
5.51597438962,4.25311265233,5.60332755483,1.28013387552,2.15976620957,0.42841845047
5.87399548575,5.39914094245,5.84533386433,0.0619212458944,1.16247636759,0.255620768531
2.71500827158,4.20336202278,2.42794359193,3.06565576193,4.07758130273,1.24656553739
5.58149986963,4.13952646983,2.60035806955,2.13229027293,4.54123655556,0.615357876077
1.45503470312,0.45816923919,0.44992338102,2.87072612386,2.76154853803,0.489613271052
0.185319648698,0.831321885202,5.48005420984,0.809777044737,4.86448283629,0.312016063379
3.57812240097,4.15235169531,5.6756387353,0.259444324364,2.56701875203,0.464699114257
1.26799888856,4.23937030563,0.450507034931,2.63418976854,1.05168210873,0.500862969006
4.66128967467,5.74760964116,1.59953599607,1.32547962221,1.72801452367,0.460988670196
0.803577722703,1.4850296942,5.96300426822,0.783231705568,3.17980958394,0.386919141381
3.00946290196,4.68568153156,0.16847592151,1.17012811983,5.94611701749,0.358587748594
5.0002369484,2.02555958636,1.94677243487,0.156947562983,2.27283756889,0.508350091649
5.44560375485,4.41126035322,4.5912570452,2.61306175423,2.37689320279,0.623335857628
2.37164299035,5.98588671691,5.84446448178,0.302502887545,1.75862012258,0.32031934683
0.971996288218,2.17408074196,0.482357079818,0.983028421208,3.87374599464,0.476983769199
1.34199254841,4.41077856489,1.17822699474,2.71652361236,4.52363094913,0.646832543579
2.12699946588,3.9251219175,1.22062530303,1.29825291192,2.50294620857,0.773565088314
4.96149636568,3.69028166923,1.36021820117,2.97067977098,4.34081407846,0.724035200346
3.94230514974,1.76564517543,3.11935462098,1.05661440844,5.4726637479,0.577479569951
3.01186853785,1.24701322652,3.3910792324,1.95057832538,3.61449331323,1.03040367408
3.71559194558,4.92846743541,2.89088828031,3.1047981475,1.97284060505,0.970025915598
1.79882047195,1.69809967877,3.05751566926,2.03896106504,5.94847275767,0.563121017776
2.91706155003,1.90864991443,5.7575886394,3.41780317012,0.343630677257,0.475441624667
0.792245746993,1.30463674193,2.46231477379,2.25814408643,4.68329283624,0.608962745723
3.56695714901,2.19907240321,2.37933013304,0.882059127885,1.50258924351,0.764755828777
5.10343047831,5.67728218853,0.9654421025,2.69954896309,0.376295883245,0.360935520539
2.37246407027,4.43504748892,0.227779774004,0.38547231216,0.731392314087,0.368721998906
5.11051780173,0.0747874172648,0.810171675948,3.36087711607,5.1817469355,0.361053138481
1.96488684371,2.42305905972,1.16708960879,2.44362327417,3.44172747877,0.973846493138
4.29698569915,2.46969759973,1.80189773468,4.16122535933,1.52053238491,0.83779386397
1.0126975045,2.87710029509,6.01832566809,1.06247194226,3.01073890281,0.458108378228
5.68158425224,0.26381925909,4.30897180926,2.48134367614,0.413965503887,0.352763983409
2.78659433992,0.404688214601,5.98187501279,0.185801249332,1.80332068277,0.333061113297
2.07523400648,3.75617328346,0.125747908171,5.35911696978,1.74754875456,0.458245111784
0.480980743401,2.1819392836,1.86281137009,0.773172593397,1.0304579152,0.45155420242
1.5788835899,4.17662837312,2.5517042488,6.00164752734,5.39488963898,0.428258563886
3.26683658157,5.44025954224,5.94532665062,1.89152584695,5.26281454365,0.383876244483
4.24385013056,5.64879458888,5.83162311465,2.79551752388,2.59520345388,0.458988490009
1.62241936586,3.70813891256,1.00383782506,1.19997602126,0.245686624276,0.450243965982
4.91108156468,3.59057085954,4.1156283229,0.525261594956,2.3122241115,0.593718490853
4.57402370757,0.646644748217,0.204306186859,1.46924313806,2.73074645857,0.430154714209
2.75914084017,5.03538939777,5.39580310044,0.508956662341,2.66080167718,0.470343699869
1.19292585288,2.43468853635,5.03192519729,4.54265815619,1.00770559462,0.524580663938
1.40429317963,2.31577547901,4.3294065438,3.71306079031,5.2023433264,0.660478553783
3.57404258157,3.8062184022,0.891221405653,1.55690408241,2.99143257445,0.799420619227
1.77572332435,4.72819944279,1.47820830418,4.19805115293,4.38257393337,0.660143833666
3.90152564506,3.33277437645,2.29350513376,0.476385093738,1.27737377262,0.634570288273
2.17622918951,2.32585302119,5.73469751399,0.249526239028,0.530658629142,0.366644236882
5.50575723716,4.17822686059,2.94564889176,5.2491524342,4.69290224252,0.485564257545
3.50627428787,5.63484957307,2.40225726292,1.72556476087,5.08295198884,0.539988395881
3.83701756605,0.232893976591,0.161954366615,0.0824155899682,1.19534493557,0.301376786877
1.38115465907,4.84272100958,4.23735983155,2.86877627681,4.29717435407,0.701891253277
5.32335507013,2.02819325506,3.89666095687,2.63615645808,4.87731558204,0.6327878818
1.97617000864,2.04017723808,2.7743238427,2.05095854554,5.98185345387,0.594793875694
3.33616337525,1.39939345775,5.17987623585,3.4414124013,5.00007937553,0.601613409079
4.18690919849,3.83039094328,6.04988204866,5.81053293737,2.00189728871,0.395328990483
1.99015344094,3.30483191633,4.20609887153,4.22178148115,4.65112507173,0.848439008746
6.04699954955,4.83940304897,3.10652751202,3.02410828894,3.66448524185,0.551843494795
2.81381063288,4.43955893922,2.94355964852,0.599286222559,4.88330465181,0.608996894333
2.20190955676,5.21892077029,2.86014896905,1.48207800196,3.02163619883,0.776116030746
3.1958141493,3.46602616777,1.54122092115,3.23483342279,3.7664508467,1.24592681483
5.00222251567,0.20495081369,5.4609386286,1.2913854738,1.61470962893,0.360804938339
1.13236549112,4.20410089061,0.386049534308,0.919062226576,0.727811644819,0.380752263526
2.48773276702,5.28870218191,4.05867525651,0.879794369398,0.528597267463,0.44995444506
5.34629270457,0.665429588162,1.42577469182,0.867788971192,3.07990677677,0.435043582856
3.7153196024,4.35396177947,3.23140355327,3.34297061385,3.19746629394,1.32361552156
3.83864170269,4.7994391239,1.14683533526,5.2153111271,1.99629653027,0.54673058325
0.0937270691018,2.06839409681,3.80918529112,3.23635521184,2.46567848647,0.653148410085
0.641677283019,0.0755328780814,1.26137059387,3.01153999649,5.72864124309,0.338036063996
4.91970861886,2.52090776804,4.34096267634,1.86368584084,3.07651689079,0.832635574297
4.19885566489,4.14948881453,2.19839839989,0.9831351317,3.33259486829,0.794943661714
2.86995466729,0.286843390307,0.247624797653,4.89977911995,3.9836252737,0.40765778271
0.106511175021,4.30875497609,0.0557945947202,4.72112677432,1.10462832152,0.329943996725
2.03272715832,4.32912910273,5.1648103929,1.40913532557,2.94715690858,0.670140327265
3.54679091276,5.56764946268,0.445059892244,0.422357041758,0.48197977452,0.318428825346
4.25031600887,2.24577884517,2.8793362255,2.88282822639,5.02885333526,0.886786259593
3.66745266488,5.27773122013,2.69936820611,0.431606129705,4.2603578206,0.528846432229
2.72543484788,2.94132426995,3.576362975,4.32564498643,5.758014147,0.676818959722
3.69512431111,2.29904600981,4.08550112215,5.81112828975,2.68736619018,0.659934056777
4.105801437,2.63538663188,1.27218154678,0.21066384015,2.8129137663,0.582869676848
5.29843610878,2.38012745137,0.728782853206,1.06266310518,5.1710389239,0.411655412034
4.86810196086,2.9294556325,4.85978520501,3.17364351714,0.675723741454,0.575175605504
2.90451694662,4.13290187762,1.53045425058,3.83388359097,3.95342141474,0.994379506025
3.48046744601,2.50532491786,1.05249519862,2.90829618777,4.61434347579,0.841549535595
4.64702235711,4.64992574361,0.557115841324,1.56585591495,4.38937151432,0.490442668234
0.16941644885,1.08235774338,5.48528491479,0.360476144174,0.497531730579,0.277041848452
2.0927943333,4.43814650697,0.202459515836,5.24342427158,1.12961400521,0.412391260592
4.53822994907,4.8157466582,0.10207687546,1.84215716868,5.91933774973,0.345731511284
4.43733606023,2.96878752239,1.9175056847,4.65045946653,0.408849465819,0.565713870437
0.751056763374,2.77745544121,3.73521711921,5.04724878501,3.52544347745,0.661588559423
6.03646231526,5.40952147339,4.13246621562,5.03077301606,5.72491804216,0.304343645172
2.69939126285,1.72106468415,3.77593855793,0.205635569272,2.57024939781,0.652686983791
5.52068322754,2.9643404832,4.19743606631,1.63001470021,4.42487635458,0.598942231539
5.33539686405,0.260675034271,4.10110728237,2.7158900248,5.57363428545,0.386477478577
3.92641621114,3.3302808698,2.50570937497,3.23786069344,5.48272695927,0.804365029366
1.32485338531,0.741722170452,5.76411393586,0.218813755411,5.21428936522,0.301347005082
5.42980193863,4.73629934773,3.97667764431,1.54410754439,3.51635264051,0.579414055999
5.73268149496,2.67598106443,2.99087674851,0.27137206422,2.9624366752,0.499514445173
5.74534642643,4.28203106186,4.17480884036,1.41355925781,1.19327368727,0.468564902506
0.561794867669,2.14205712309,5.62298278274,0.543222967986,2.68442487226,0.404919119887
0.919743262864,0.449643472864,4.84354267092,3.86208498428,4.07598757822,0.473229952403
0.923962583137,3.82759027737,0.343945045192,4.45728500132,2.86778696278,0.521087775917
0.523592288212,5.29345152531,3.34193149361,2.63753459706,5.83523664946,0.405196561178
3.85941125524,1.15234742899,2.54267684143,2.49424320455,1.04478083389,0.744035211607
2.75050728532,0.254160247232,2.7282205689,5.83503635742,3.78713006751,0.468762784491
2.07317292957,1.74175018424,3.62780051993,2.73955254728,0.575671055286,0.725608407555
2.82223227188,4.37761596562,4.78046770029,4.34985575606,5.62859856874,0.531035483506
0.430945715079,2.37077988917,4.13204291588,3.90567085362,3.80017566441,0.67851812476
2.26302711956,0.300887597207,0.895816640728,4.67378125886,0.664525492848,0.391973799069
3.611900241,3.83639953927,5.4542294541,1.81640555656,4.37507254776,0.649816972114
5.64595244914,5.24441382891,0.390524281887,1.29495893875,2.2064061427,0.365166376857
4.84580876389,6.03786289611,1.62198339963,2.10449745127,2.07560874735,0.471899010365
5.93276420425,3.68900955531,4.84260988857,4.53239766865,5.45164203573,0.387149088784
0.269663395777,4.17878288912,5.52868142207,3.84055107413,3.1459864312,0.476955081686
2.78560891073,3.59007736397,0.315329812642,1.49095483566,3.72683990255,0.649050467662
5.8828256454,2.19464395553,0.239680065864,5.12054157177,2.59500998948,0.38110683208
1.9810098525,5.81324867251,3.20010419884,3.53464846599,1.32871086363,0.585761071601
4.55102963092,1.20192545338,0.68932455181,5.14797312542,1.59727776587,0.443274117405
3.43749432221,1.22849229528,5.48108009897,5.20623321598,1.61717319774,0.470254647587
3.78358737428,0.386814470626,1.47164932185,3.20001757485,3.71205497386,0.652501600957
1.53118489245,1.93244618517,2.478092526,2.61009953912,2.91355653811,1.14561037575
3.51670524663,1.99254534342,3.45752173185,0.457762922812,3.03825483605,0.771860550305
2.73901374088,0.70987021674,2.44007205132,3.39460467118,0.362015856795,0.563666060521
4.65779429148,3.52446794803,1.17474706878,3.50191780977,3.84981279818,0.811095784887
4.38323151384,4.12318531653,1.3015705805,0.604444158795,3.35817652852,0.590789053369
2.95871576018,0.840119800044,2.12218383822,4.59394418207,4.69634881901,0.630691778399
4.98857898464,2.70219633562,5.27789045819,1.06506177619,2.81191346827,0.555207600364
3.11413415316,3.7432559597,3.36796113371,0.116599321942,3.02939846689,0.713484819292
3.76446954634,3.99625345042,1.02455282269,4.63234111991,5.32575064238,0.538996976808
0.478189634426,5.29386373849,3.59709449108,3.61483295441,5.84363536552,0.393048669278
2.29169431567,3.79969617829,2.15357692094,4.56376172307,2.59107773482,1.05594267123
0.840558433883,0.457186979548,1.28206124312,0.611912651881,1.2831478274,0.360608015918
0.850494327102,3.79472823032,4.82943530093,3.57797144317,5.43528977733,0.503436244187
3.76691156429,0.309485856357,4.32285561723,2.71715386548,4.07141494961,0.63271522591
3.58281158629,5.07139393162,0.285072555488,3.80987795904,4.88626505872,0.471363014696
4.09642847202,4.45109971688,5.34535623187,1.98465161851,1.28200454113,0.562082508562
1.73979087483,0.938321982457,0.685072392125,2.86686976045,2.53242467374,0.608498899383
4.90307055896,3.40615267065,3.59540531617,1.62874755799,5.86411976186,0.520165237849
0.314949016563,1.69308642806,3.07749052504,2.36344967222,1.74778967445,0.629059253752
1.03242845844,0.530738417957,4.37833711605,2.63806430547,3.7488250557,0.569471536992
2.56564698902,3.49187031682,2.21231135824,3.24064665187,5.63777752541,0.765296355491
0.356442487805,3.51853053826,3.57093372319,4.39553247992,3.23300797667,0.685634085707
4.29415938256,3.58802403581,0.74909164034,4.38695218932,3.45480464765,0.703348996067
4.01651934607,3.23991178079,3.68385436583,3.67649047167,4.6574683741,1.02423684351
4.62825771601,2.98435714448,3.95167447298,1.56932302852,1.80916980748,0.831803830794
1.72466433105,2.54831540565,1.02398929126,0.338837018584,0.334416445017,0.40124800223
4.45818742993,5.41018184529,4.33232573823,3.97261548114,1.0826178793,0.517257948014
5.55776863184,5.5546411683,2.17743190658,3.607072314,2.46049039025,0.515341788043
2.72910731194,2.63138775507,3.83308189685,5.70074978785,2.57768728395,0.747625500528
4.59516652768,0.113144100155,1.27474196218,5.25509067552,1.84939330797,0.39581483993
3.67377236381,1.45119558074,2.83182386292,5.78124165066,0.278235268007,0.434322681443
4.85137661565,5.03063353669,2.35100191707,3.2050304452,4.31305977103,0.678498325409
1.74594899524,1.0380504963,1.20829112072,3.9901421789,4.88909070507,0.550020040439
5.40760283508,2.10844128361,4.33802229688,0.615871586744,0.923242494643,0.427739376795
0.740896878388,3.92478896768,5.39516082048,3.73944334914,0.802943244732,0.453115837884
2.14486690974,2.4176100838,3.10666710851,1.94036544569,1.8491903425,1.17247084257
5.18238945325,2.90056528865,4.76877055407,2.9447746807,3.10819782943,0.77423249778
2.24552235744,4.62916817176,3.304204454,5.45148187448,4.88893608899,0.558852514533
3.6504151214,4.73568237763,1.49590488449,0.511398403359,1.87002248664,0.550420670414
4.56088275926,5.93671227914,2.04288588927,3.15652762253,2.91323788712,0.587933373716
4.48858110047,2.10768766301,3.1364583076,0.816750102671,0.186444731298,0.48277951461
5.55324741018,3.76440404017,0.873304631817,1.71371624161,1.03279721011,0.45145439174
3.60863864441,0.54389392248,5.69742653374,4.43185020931,3.72508276515,0.470478685569
1.39099883206,0.193378726143,2.09528963138,5.03450221698,0.760290590697,0.393081666855
2.07025760866,0.116624828749,4.23717215895,2.06333544231,1.63098970081,0.541700132062
4.48529653507,4.00919963347,1.02936660662,4.5910280471,3.43568641033,0.674346185623
4.14972011923,2.97480555589,4.56719834903,1.76118860022,3.43602954883,0.95207472621
3.73717685172,2.25706559535,0.664353033523,0.452086082895,5.15022788077,0.441189967227
4.57602165486,2.09568512906,0.148954165379,2.21894355813,5.22157604131,0.455051362734
3.34724596636,1.15642970582,2.27261411528,0.767988092575,4.76283814566,0.583502168271
4.64029912467,2.84580032697,0.152096954437,4.36807758329,0.199335894323,0.391538596872
3.23829270154,5.88919689357,5.87899816945,3.16147995227,5.30968585868,0.369636612918
2.03751352065,2.31670288386,3.30196172232,1.34071461029,5.74391302761,0.596418764361
2.772549343,5.03936557785,5.23736436068,0.394929167676,5.76729112038,0.348908136278
1.27970340468,1.66394518745,5.67145764189,5.06800100043,2.63214482577,0.469635828478
1.14837457056,0.506258619809,5.16736172539,3.70921350101,3.06078107247,0.503742865414
2.46458197842,0.351203414575,1.51057014665,0.563546921732,1.34070070282,0.430834388838
1.54346854051,0.551424275511,4.01892262528,5.68346865223,3.83414045255,0.45347351346
1.91086614676,2.98709435505,4.38146719318,1.71703143535,5.86323252169,0.557446552914
0.944113887115,1.36539993722,2.38947937343,2.90893164023,4.29516583388,0.716482834833
4.86387598169,1.49507692749,2.75310221938,5.53492577672,5.73981300461,0.404331038219
4.02884025426,5.32403552376,5.72836356495,2.21877215059,1.08000820003,0.431028786645
3.10803128683,1.94691649115,0.873828269907,5.49753733414,0.509301792942,0.433228032898
2.63947071452,5.42067685979,5.46886721695,0.751143648091,1.87404409151,0.427166147882
1.68518788229,5.77042579697,5.37444380071,3.10616164496,0.391087434139,0.372305414867
2.71334177657,0.40092392209,4.30161794301,1.41832652323,4.79035657174,0.519787091081
2.51020752421,0.979742862525,2.4899970486,5.6390454715,2.71689778288,0.60146228302
3.5559575617,4.46544971106,1.39784117883,0.297618212878,2.12883009835,0.552933762517
2.28702107809,3.10128377516,4.26623401253,5.36341552692,1.5102716289,0.669928347111
0.19877571486,1.55079518912,2.66997381048,5.46785340663,0.0999560701543,0.33833477164
0.169530699498,5.46867715603,0.0696118264313,5.83505290105,1.74987948023,0.26814378515
3.04188310401,5.41060192395,1.23363298396,0.25852673927,1.22186114803,0.406334566017
1.65011372392,0.963298480687,3.32332201026,1.73554047463,4.4975059793,0.670409104427
2.33782144487,4.53209338635,3.88062623004,3.8810487319,3.43556956107,1.04961962903
1.71761510674,1.92805173065,4.49373271711,1.07995012563,0.206919023758,0.464841387079
0.0592574751178,0.290160345174,3.46422175873,2.21788606332,0.543654212375,0.359040176332
2.44082588629,2.19973399024,0.13714539646,3.64102354691,1.3930022055,0.583349197066
2.82662393816,5.33945452303,1.52423632606,3.07611311772,3.89310507085,0.741596872046
0.409310663227,5.21833940838,0.515963667255,1.41315096362,3.26858093171,0.393803687158
2.31648192037,4.53716759702,0.466028436509,1.59147658599,3.52486621676,0.605674595898
3.42924902367,0.619432203026,4.40188533257,0.49327861446,1.52341859985,0.469911894267
1.22726108411,3.82276126589,4.8488475738,2.98970144164,4.34082405716,0.712469328274
3.44507925548,0.1125534127,5.52255382083,3.61795934653,0.330548526312,0.364876066008
5.7755026515,1.20670599561,0.547781547156,1.91399704473,1.41614199916,0.390309363513
4.68039871618,2.07677197463,2.21407684167,3.47985175194,0.659554712274,0.666590813448
5.61023364853,5.40098262637,4.45047270211,1.92798353355,1.00656215281,0.403145793609
1.79965254212,5.58256494818,5.89811840332,4.78564193599,4.4863272586,0.371647021191
4.42937815954,1.54034611633,4.98407214357,5.37595462695,3.73248667839,0.518350897503
0.497164091768,2.6036903147,4.87384753305,4.98891524111,2.84529925971,0.528757265404
1.64227541592,0.0731196796769,0.244906129818,2.86846616432,3.22203350103,0.433516237748
5.2126023415,5.07099968637,3.85033706098,1.63355291182,5.40648761414,0.443142939115
1.13607776261,4.32596255252,0.20022457411,4.26379339435,5.14289290329,0.412196244309
3.72166853458,1.14687813899,4.97127458235,1.00151429668,0.155076944702,0.401150147512
2.80450183136,0.0887714545636,3.08710290873,4.06235747338,0.871115423807,0.521327208471
4.93240054408,3.93343376496,1.79749269328,0.945795275943,0.627571484817,0.47847649134
5.92356565821,1.19287495076,4.66515911002,1.37807277325,2.89295813032,0.449887121781
5.84592370866,3.36944414184,3.70312536857,2.4214565657,5.54366129956,0.486971531373
2.79436849805,0.440980933251,0.291514165751,3.28953651996,5.00612592251,0.434119518947
4.28143498262,3.17897712853,2.05565549652,3.03346972616,2.08929133218,1.1909858376
0.474095023958,3.26458897756,5.92950763235,2.74371014171,5.4794312998,0.381017955159
3.49301334218,5.70621661198,1.80408786772,4.12156284906,0.40730231197,0.455024039303
1.43251510791,3.92327314734,2.48553459137,3.84907757167,3.87549582238,0.99388339254
1.52743348673,0.922550300661,4.38673039332,5.48895302155,0.523171866794,0.388548159727
2.22941294466,5.59235826712,4.40038383962,0.262782719756,2.04140470434,0.4407914767
2.03631231455,0.618651606199,0.820274669055,4.97974159238,1.39601535686,0.437773550795
2.2522934295,3.69009824981,1.35151955099,5.33224670065,0.185415623486,0.452201235409
2.28924802481,4.75834088177,1.91257988112,1.73164173169,0.827321868737,0.620783464096
4.76762085009,3.823000983,1.60386998782,1.78239194298,0.993566589242,0.615031208577
5.47050377786,4.65382528152,1.42432411082,4.58736848254,3.35842511141,0.527162336001
5.63944534881,5.86143227192,1.45485629212,2.69460501426,5.0457629772,0.372851243412
0.667392799258,1.61840017683,4.73565695515,3.99129522043,2.27790955365,0.592892629041
2.11170107095,2.95600039957,4.82943427203,1.89841546791,2.80563231066,0.962546545061
5.96830087096,4.84590228657,2.3822826467,0.904150929162,3.99120389008,0.435259340301
4.24779682262,3.89447903215,1.06311406953,4.85887358669,1.56358151467,0.60141962094
3.50998809288,5.90157130978,0.597901078017,1.55451769653,1.80233319288,0.435291558737
0.670178443498,1.57020991538,5.26311561614,2.23566525071,5.08625650468,0.443838175787
4.11411079717,1.22061912085,5.00926285763,5.32684917875,1.53466670186,0.476054343061
4.00254366847,4.96106008123,2.53182285193,4.6553403722,4.43459069648,0.672574448272
2.7588840882,3.98004349588,3.31748820435,4.77654497689,2.15762205343,1.00148885776
4.54531002106,0.643888064248,4.56296529653,4.61124150279,2.13573585126,0.534040866782
5.47125720702,4.26860652996,1.54130632057,0.978809957105,5.06228091961,0.431360350544
3.07660656737,1.03510675915,2.279892714,1.42075450907,2.26761759753,0.805436449797
5.05106889731,0.820340238026,5.55277717422,4.63916993097,5.24007377827,0.354870668472
3.51902685657,4.63975184874,0.167949337784,4.23557730806,0.537440718735,0.424276499606
3.37518299303,4.88026134071,4.98290316503,0.680170320571,0.912120894988,0.447449338239
4.53275563595,0.246327228111,5.10655462139,0.878145214807,4.35662461133,0.388918558863
1.18100088995,3.17661696312,4.20842078975,4.09778434513,2.3581719219,0.875863370431
1.73565454624,1.02270365328,1.14993303269,5.24609681406,2.0081615171,0.50100921977
1.61885540094,5.5891669025,5.45735887015,5.2929407144,3.4666237165,0.398005624355
2.52510954205,1.85285431228,5.52042417936,4.69791324377,5.51439944614,0.452506784411
5.34303393317,5.07360255793,0.179554650731,2.51031971429,3.10323420689,0.434877305457
5.29408087124,5.86578337147,6.019695456,3.19597449654,4.48277861507,0.335220395679
3.62474322024,5.92228975161,5.09083566253,0.628625738556,2.23078377176,0.40788382751
0.928993101933,4.20185511715,2.60632402045,3.4317070441,5.35052970006,0.602414468244
0.899505687404,5.96093245919,5.48101456503,2.23992439763,5.97898999586,0.295974215193
4.08424738023,2.49994318439,3.02621953239,1.05381734957,4.02807646753,0.887240215478
3.03726157649,4.80672157887,2.03924192868,1.49921015507,2.70570078368,0.867478023958
1.85740125124,0.400019947002,2.39804881203,5.74410658841,1.98840529844,0.454933839461
0.899073666465,5.01118536048,4.66087953851,1.28390336824,6.00606081397,0.354626678002
5.13166791885,5.25731761168,2.57679585501,3.8241577465,5.7255371794,0.436178730106
4.22606979816,3.81126900184,5.30771641547,4.37332712044,2.65257323827,0.689955310966
1.89960692026,5.33327525677,0.922835101241,0.262276230655,1.85955296116,0.403789104365
3.24838120205,5.13400863344,4.31858262972,5.85499672782,2.48033939333,0.505678780734
3.90345454883,4.18814753216,2.53313796391,2.60011263946,2.39541353204,1.25449744562
5.85109603205,4.99187422271,3.89934033301,1.75408675345,5.92685124483,0.356838492198
4.96696523324,4.26333476812,3.61972659879,2.5409290918,0.35646610688,0.554076615325
0.618347091373,5.25685096723,1.68011696212,1.98928621946,1.13546814333,0.454426487966
2.15104409102,2.4825957688,6.03068290061,4.52302260827,0.678195594059,0.436989487636
5.72336585388,3.21040381717,4.18983887937,3.52304213859,3.67444181637,0.684689860962
0.312024746972,0.556304837428,1.91172437306,2.15406575929,2.2647437293,0.48455699012
5.07484939175,3.63374749149,2.27590680485,0.239970730954,0.157490648944,0.385674984902
1.95066160708,1.63744277627,3.21802818323,3.77855920478,2.1449667878,1.07038352135
4.03429891997,0.775239164587,4.51777220188,3.12951530758,3.66877350281,0.725320970284
1.17924159919,1.827110066,3.5964654375,1.55068020346,1.11735705993,0.637288707422
4.48467282368,2.3199936472,4.79198987769,3.24404817217,3.14297941038,0.912584250317
4.48782493759,3.94562025007,1.67347878586,1.29515894629,5.65977121796,0.503820339038
2.34173641586,4.47097289591,2.09534865703,4.00079315298,1.49292750502,0.855554895981
4.74699847076,1.83934475464,5.76170705651,5.90310875064,2.69610772713,0.391442425778
4.06884585874,3.8670631721,5.54173639338,3.02807816042,1.98324472775,0.694964047137
5.59589765624,0.79479486774,4.59837131383,5.50248571428,1.00843760832,0.340307820928
1.45647122179,2.82405663536,4.47596380543,1.94250372651,0.634843522852,0.613340028791
5.48641279088,2.00330170939,1.9792860186,2.37863500735,3.26194472881,0.731409977009
4.17457987518,3.89899459575,2.02735468273,3.7580327223,0.680275760574,0.709743244237
0.232984708253,3.19371978979,5.37260870579,3.50833195842,1.65637806132,0.490511199499
1.94820387545,4.67868160466,3.63862627511,4.91158605014,5.59507843394,0.507081807105
5.54908432495,4.52986419261,0.87161674024,1.23959273136,2.79471197154,0.464910689723
3.93129287055,0.695043990103,5.9868649424,4.88757122981,0.792441557354,0.350413292164
5.86946389023,0.591906875192,5.04257107785,4.58635554453,2.51809161796,0.385303125123
2.98463302736,2.62794904318,4.50202958254,5.16021230294,2.6302670139,0.819808501595
1.59164158955,0.0685636959832,2.49219831394,1.05526788607,3.34497721834,0.506697347041
4.06060796495,5.29915478654,1.79654650384,0.589508349944,5.95601240468,0.364859882952
2.63111609407,4.29412170841,5.61803006509,1.05405687511,3.48456546955,0.565405993005
1.64116157973,1.10288398221,4.30985409996,2.36043050701,1.28920721252,0.645283273899
5.47716423344,1.09795091497,5.12439234997,0.22970931636,0.411969626967,0.297268802141
0.129328385324,4.58306485716,1.68604626556,2.37259433704,3.29823762316,0.556919766931
1.59485549339,4.88274818227,3.21566498209,4.85186010829,1.35042960685,0.598223818585
1.67802059729,1.12090708825,1.59871523793,4.60259624482,0.205118300174,0.442049574341
1.88220992425,5.76005938211,3.32988806834,5.69976742788,4.58987809934,0.420297598015
5.31206073526,2.23321284491,2.3545382472,5.80674211553,2.19144971936,0.502973500912
2.91035174781,5.43234053786,3.36272270897,5.4878159267,2.6088678435,0.574775488644
2.16835779147,1.6216461488,1.32344252928,0.395138049968,6.00475243349,0.38144388382
5.09070633786,4.03594655809,4.27958376499,2.52609011226,1.53681510075,0.692181707005
3.96969659949,4.01106080324,2.99857857981,5.53455357755,4.45425049125,0.645104529776
2.94672614947,0.958048328557,2.3245330699,2.27488933232,0.528808561154,0.614959520808
0.802184374691,4.56549760295,2.54626225148,5.23054022208,2.23456904175,0.554070386927
2.9570509932,3.94033621527,2.05285755546,2.94600036072,0.266730075931,0.70141789911
0.78894700578,0.517874460574,4.93757191713,4.39361077612,0.820454122539,0.377408925244
0.784740795985,0.411797660388,1.28443219186,4.86208582533,5.76275858679,0.326269210937
0.854906853742,4.89414448473,1.14822863551,1.18164732978,0.915988706976,0.412069098004
5.32391223362,5.55601236375,3.53646988755,3.66459881676,0.148532237008,0.387685147122
5.62002848276,0.189178755805,3.0688161354,2.27380724308,4.23442943904,0.458270507659
1.24863912621,5.9920548543,5.17455836542,3.17466793331,1.97363192084,0.437975995137
3.22590334665,1.94093807803,2.35850909822,3.61449927954,2.07083364874,1.27793656771
3.17011677031,4.68601148853,0.740368995062,2.1813392171,4.2635707928,0.655981886783
1.99133404973,1.45329352621,2.38481517192,2.72977587335,0.440929782283,0.648928350974
1.89600710785,1.66878539758,3.23925078697,3.28337631862,0.565587699153,0.711498725439
1.59654788226,3.8047162339,2.13751174578,0.669071068741,6.01499561641,0.436975841702
1.64205520865,4.96582031538,2.40466148014,2.64980115263,1.42746206828,0.732149840866
4.26210332416,4.70847223285,3.25959974037,2.69030740078,2.50269676253,1.00782127638
3.62248556347,4.95504849639,4.84844115999,5.56457048035,2.77823535986,0.519409315177
5.18391839857,3.7155898787,2.32102065784,5.43211102482,3.67902710499,0.584152301829
3.04109957107,5.22017476711,1.61322737972,0.126644501883,0.649031245109,0.390057749731
2.64960800013,3.23463203526,1.15649910217,3.22668696732,1.66406627184,0.96039077489
1.79815698371,2.84348968727,0.290019621252,0.769512520533,0.707229712365,0.415890584425
3.92128339793,3.25517401832,2.91795099974,2.67998772044,0.184313838491,0.716789082927
2.11531823216,3.19052579746,3.5453180833,5.84235855146,3.40180903311,0.69653470854
5.71508386102,2.66328670566,1.10708334191,3.44154169401,1.31530057975,0.523522907908
2.43491318882,1.09627109198,5.10669892602,0.592595379701,2.73465940176,0.519542868316
3.33335653724,3.59650857744,3.794634486,5.2635888701,3.84041596275,0.838326504251
1.9689486518,5.80178535967,2.97202323376,0.634501131316,4.20122124819,0.477273018474
4.69751647857,2.28773547343,0.750158059801,0.294203078454,3.77706878819,0.467817772458
5.90374238354,2.52578928736,5.48016780903,0.522535395037,2.67181218688,0.383827562299
5.16545573315,4.13672417795,1.00604309931,5.07948449453,2.45736227338,0.510831779835
1.9875466137,0.904434275358,5.92840955289,1.13011113957,0.132202667341,0.325597293935
1.02675005513,0.442231241507,2.29000885886,0.424615457534,5.40872944233,0.352428287311
0.341577820458,4.59425133469,5.31948380809,5.0652720211,4.70558718871,0.368144770003
5.60354409265,4.77271190572,5.85232942195,5.22197308135,2.65503350862,0.35570860538
4.78667503705,1.64037878827,4.76564877614,5.7952335765,5.06979002159,0.395950932768
4.67491372764,2.01010958129,3.21945850366,2.72309020166,4.93096476397,0.791221553398
1.21916550564,4.10765007256,5.85146374303,0.258502824946,2.49045003287,0.395185790002
0.55095518834,5.36133770395,5.76258456847,0.874795033029,1.00243784804,0.305694846377
2.2571135821,4.43466585216,2.16419140641,0.79227102656,5.20348317981,0.554381262508
0.861242945453,3.86737946607,2.02621513563,1.84949218754,0.817853241553,0.57602629679
5.83710417936,1.0712851367,3.32483581052,2.04457652682,1.28555826001,0.482467983254
4.50855621895,2.88095403193,2.32698566406,4.81261220642,4.9828051992,0.66845180851
1.7129740561,2.8542282647,1.27902607235,2.57652978213,2.71372238101,1.01002772297
1.38902101292,2.54732909391,0.638175716188,5.95951149682,2.81032038801,0.450997643684
3.1182529333,1.63510647408,2.55321135324,0.456211235343,4.89434619905,0.583568565325
2.66560732299,5.89003360899,2.7109459851,4.69564386786,0.757702129215,0.466183670222
4.83293016323,5.30300777425,3.0083703989,2.92043027429,0.20092073172,0.465014106896
3.71697297967,3.49210119487,1.25396357303,3.68701611509,4.54240600685,0.857937222966
3.3751644093,2.84881877946,2.97634997653,1.8518434483,5.86212184238,0.681469625891
2.98125681747,2.44322906935,4.22465686522,0.583779829579,4.17834104504,0.712416275762
2.84065938898,0.276452170624,5.67661939942,0.301857953867,4.16697905702,0.353992272324
5.63787950861,0.784411737996,1.48749724207,4.94243251394,0.958886452773,0.369084141863
1.5345609392,2.57101445806,3.66623208266,1.76983970668,5.8507361012,0.574204568664
2.68556998956,1.83880169162,1.70520113031,2.1875135053,1.65790845002,0.944724554734
1.71758462999,1.65029969526,1.57537815895,6.02203035546,5.46749783343,0.388847231301
5.6058238608,4.96282493231,1.8848333781,1.68199350225,5.82708489768,0.375711789039
3.79464270868,2.19620506104,0.946260943242,5.0685618716,5.85233296747,0.436487966696
5.59358458751,2.80729269771,5.2508943454,0.489756885054,3.67407318754,0.42397965089
0.712078122547,5.69268532593,4.53435824494,5.69928676943,3.64927128085,0.363014641458
5.25516987127,2.646796367,4.6279849164,5.93276879537,5.55942902376,0.356981086351
5.01479048064,2.94194598949,0.338434559796,5.33499710605,2.9464530086,0.462925236549
0.870550790876,2.54943909062,4.54825817383,1.8292557169,2.2573736755,0.711399542238
4.51180254377,1.50095855277,4.91921686922,2.35741260513,0.281921594266,0.475806786442
0.992187836317,5.39234645927,5.90273222902,0.446468147751,2.95202346101,0.336662789981
4.97972710927,5.46338661357,3.94315391722,4.33676512773,3.50532074138,0.558053701395
0.610997356833,2.36826140317,2.01067326224,5.07137443749,2.9142933986,0.610383886334
5.17892846111,0.346668933368,1.50032751315,3.51416690811,0.888574091008,0.420886057563
5.82940883396,1.72977534326,1.66013771542,5.82560453279,5.6843637421,0.316414585882
2.99732561501,4.72638393895,0.425928291538,0.994158786897,1.06960620276,0.447305749947
0.118057184099,4.38594254662,5.50404242615,3.25939796551,3.95394018693,0.444959632682
2.17997148816,3.33673428898,0.90636729348,1.85139205689,3.45973210729,0.854716307616
4.06380102927,0.765474325091,3.02740696473,0.432844796103,1.24465886935,0.480837724964
5.09260309446,5.88214950724,0.767306640239,5.03477080051,0.759598598644,0.314165234973
3.30181979489,5.27368446922,3.65546922621,3.11117966062,2.93954472162,0.934021477666
5.93155219512,5.01140580986,5.48350125945,5.43140833631,3.07673233301,0.336415295994
4.14847370676,4.21495817493,1.72528870138,2.65715210486,4.38156078972,0.873647887035
2.06754652842,1.50266544596,3.03506631062,2.66898479467,3.73049216947,1.14208708048
1.65449521979,5.04390637153,2.68844070672,1.94438700719,2.3877958557,0.795284391911
0.197969760549,1.34123877226,2.93650973727,3.13076466721,0.131279900313,0.419224851903
3.08225238851,5.71914478486,3.54831758908,2.12979213652,0.97384445004,0.569355011928
0.159648135754,4.83757451169,2.49006980538,1.96437071432,2.83860422331,0.561706736872
4.86997426439,5.66417507199,3.68902079089,1.56229243543,1.82307918261,0.512254986845
0.496768849699,5.2646929055,2.52826986401,2.45474524457,3.94727875657,0.561413933019
1.07526017978,5.68904635844,1.0030267223,0.722720604178,0.784428428589,0.33313062557
4.80164464793,2.16511537565,1.90891696695,1.55374686337,1.75191674913,0.725543143506
0.841917558121,4.07844781332,0.0554409768974,5.94270499892,1.29617519947,0.322026665658
4.24301555041,3.98868984086,2.94186191299,3.69178380579,4.16054424583,1.06935824678
6.03174603728,4.03987482202,0.857382163364,5.40059142192,4.37199331375,0.363519512577
1.13835129119,3.55787217373,5.50185859437,5.97715764244,4.98302768344,0.359297098289
3.38090018205,2.92405738105,4.656331857,5.22771311453,4.274449852,0.690549763129
1.41976421105,2.74615201895,4.46421046498,0.360574080198,1.51355296637,0.529616409058
3.23715359333,3.51988053839,5.24417299617,2.29684322076,3.07428233757,0.920574883286
1.74243648744,3.75421953804,0.738172796045,1.20594815446,4.54734915416,0.559312681643
1.18851011914,3.88650959897,0.0654033311972,5.5202740681,0.463398898084,0.328241444223
5.65354484539,1.96302395075,2.56001088852,0.392520416804,3.8105857043,0.481551544772
2.63924675972,2.13868435048,5.69322315381,5.00159288205,1.09228708625,0.481435808007
4.0243320717,4.81388021906,4.39474154036,5.87227174332,0.131774224568,0.360212567118
5.05027589859,2.1118321554,5.07302768437,1.93640798428,3.80950411458,0.622028180743
4.84989670226,4.04174907409,4.94684881122,1.65316306546,4.7337070297,0.551958959415
4.31454102419,4.47274603081,1.72152591544,3.07014480426,3.45143358397,0.931080704694
3.04634465147,2.51810915408,2.1925932677,2.93442979167,0.983289792742,1.00424880015
0.226782905738,5.2376531879,4.55135104351,1.3175958584,5.4321017922,0.3466190362
2.69708349948,1.12632062065,2.30273334492,3.60833975312,3.0362785247,1.05708167048
2.87867432495,3.69956451719,2.40081467054,3.57147768237,3.49412009615,1.55427330352
0.445716679025,2.38833883092,3.01479640151,0.0812954914433,1.74184912044,0.454535305039
3.90494253642,5.89921142712,5.33990744092,0.125331051465,0.427826484533,0.289190246027
3.82030695784,3.67327793808,1.78543216945,0.707779215679,5.72536851238,0.493016632523
1.6060282673,1.34257151921,3.27363156987,0.714491582682,0.866973355134,0.511811273748
3.20916173359,5.00097487184,2.74656265847,4.06071869425,4.77716196484,0.746530034028
1.71142107681,4.8160676956,5.31867896531,5.8764421689,4.17102029864,0.40031997173
2.93343419116,5.90544636434,0.326379813856,2.95011189565,2.38532542931,0.476766952514
5.31820730204,1.87058386279,1.27802378175,1.30743665276,4.9622779025,0.468819445635
4.89440484491,4.61245925534,1.46725880957,3.26690135822,0.17333328885,0.4629764417
1.84612774272,1.22162946184,5.93589309888,5.10116846039,0.066934709547,0.321220409957
2.48910433462,4.21371897578,1.97443885829,0.850370033987,4.04988493592,0.740243343388
1.21578467625,3.64196427813,5.40752768931,5.73770872463,3.84723967354,0.442387907794
3.37137667631,2.52847322387,4.44198202126,1.00545410446,1.36320344382,0.709376495443
1.97469754102,2.74158790974,1.44252309063,4.19291748033,3.85782548433,0.934346032588
5.00174298842,0.727572739014,5.20256502459,3.84318348368,3.35227104896,0.503594490917
1.97046251661,5.95028726767,5.88214511649,5.02982774272,1.35662226824,0.334539975554
2.61588596163,5.74216035238,0.409035769803,0.618243356542,5.34692975439,0.327215209336
1.49073912103,4.01816464496,0.197701703907,3.33615801531,5.90607269982,0.404438074793
3.80150068867,1.49459268973,2.98714518917,2.90445814092,3.54609763464,1.21711201412
1.99070001348,0.827040075616,1.00686774887,5.71439339532,2.12583996819,0.437730538655
6.01412661536,4.90898073401,2.52344872302,1.29761088299,5.20650021808,0.388756542906
2.29755532532,4.14848268883,4.79288531707,4.219489512,1.24866183977,0.685813726867
4.0081951563,3.44155846523,4.14950119126,4.22280532701,1.35142774273,0.851366141186
1.38290907301,4.99645476703,1.49598346512,2.50499983773,1.71551317674,0.634605870413
6.04215150566,3.60598747624,3.84606819799,5.91369718619,0.346528693987,0.323957157253
3.74757128853,5.06644037618,2.642856549,4.35846697681,5.90246620938,0.494404998398
5.93282721304,3.47764218947,5.57967749172,5.12066649719,0.469059352772,0.31860080278
1.60795885474,4.21712766649,0.0881156724291,3.12400864924,2.66358496524,0.587309353781
5.70616019139,2.04764469055,1.70144548854,2.50570755198,5.93241766904,0.420876734415
3.63184659379,3.17815639751,1.48984050489,0.344863474,4.74849641706,0.561213170064
4.73973030352,2.96053409756,5.64827951018,4.0588488947,2.57995742337,0.612025061112
4.78277332806,5.4748577447,2.16314401992,4.27577612193,0.148666257077,0.4038570227
5.72033984203,0.756392202712,0.422085962413,3.16753960776,2.17935672046,0.403531864189
5.39182619265,4.2224430882,5.06301499566,1.51837406537,5.29532715177,0.417798680775
1.47781965746,4.85896375291,1.65343158897,5.62006192474,5.67156584431,0.376109321297
5.1382222283,5.50546136378,2.66052973202,3.41773846173,3.30752171058,0.616004561211
4.38496089949,6.01185054025,5.30772509824,1.9097824792,1.19920475278,0.388403917296
3.30686624477,4.03811083126,4.78573745865,1.13112113601,2.23699392709,0.744292075968
4.09274504895,5.04045935457,2.1916558109,0.679337348671,5.88608023392,0.404433878078
0.636943568672,5.99033674761,0.279138036932,2.09060107466,2.62484676409,0.358461666552
2.86643572868,1.32352389416,3.07296486506,2.81324232322,5.06300852353,0.824768251296
2.20394756387,5.19313582784,5.07458325126,3.47910890729,2.26219214302,0.644274034127
1.87233674698,0.421316681651,4.00162434465,2.46711414726,3.49550983935,0.691850929326
0.908106616745,5.42532788503,4.21861832968,5.42387641597,2.9824870655,0.442111129411
0.801396070217,3.07845073132,5.83176882807,2.51182461582,1.2976312798,0.476297009812
1.38076085757,2.52340818435,2.97752605641,1.87752172604,4.44687552697,0.892619124109
4.18265778819,2.46266773095,0.394434275146,1.44400766707,5.53427173574,0.448028201547
3.37198955009,1.7996038759,4.84212862912,0.631969355473,3.24639974874,0.639343391841
0.655217812919,0.144309006245,4.28476746031,4.15507917167,3.55202865873,0.455735638895
4.50411451757,3.0516420664,0.698749594852,4.75526804524,3.41336811724,0.632406270977
1.86960157607,5.05534047589,3.99365263268,3.59605863338,4.87656230151,0.650772943665
5.45456176687,4.34441169989,5.86967111228,0.613858614518,1.40368305509,0.341189481833
1.45502186193,3.06501344704,1.27158827714,4.32383955431,3.1643172756,0.822494053519
1.13775289534,0.193175626178,5.90603610063,2.55286826795,1.23744687367,0.355899832853
3.14472235717,3.55474473255,5.90500537394,2.88310342403,5.60202837192,0.486571621703
4.64995010947,5.89961054858,4.66835433825,3.14729716102,4.25394185566,0.48762530049
4.03130598872,5.89179549627,6.0330028151,1.2139771936,5.14342017812,0.318376971903
2.48691554571,5.97659459225,0.774263675449,3.96525856582,3.93035166599,0.479052207894
4.41979874131,2.0194706324,1.40057325865,1.69011200924,0.0920541471458,0.482919433285
0.935764123857,1.38054576983,3.40701090926,3.9558631565,4.61687018099,0.641959643239
4.59287112546,0.804547012775,0.388565329139,2.75884454215,1.25915936419,0.449124816963
2.04730599072,1.78451446309,0.613269347756,3.42443102013,4.99759902773,0.579641000021
3.14614572998,0.277484164841,1.52044045255,2.4041226478,1.96488434397,0.623088607866
0.946461264181,0.61643790078,3.82170056421,3.65009123292,4.68092839136,0.53130106269
2.04079379579,4.00817889361,2.00327852398,4.90926408336,2.95842171341,0.863783649154
5.64388713256,3.52464665033,4.41801773059,0.677476164221,0.769704984732,0.405770043781
0.251038261316,5.43749847723,2.28646753084,5.69883705847,5.88599133381,0.288850496495
0.81667123582,4.22941395705,5.76499687337,4.03504274294,3.03367360254,0.500099062842
2.21507001109,0.513345927349,5.46642735895,2.53051883582,3.51794623984,0.544321119866
5.79443037972,2.98833429684,3.11499847433,2.34224061755,5.29294709978,0.540176849908
0.463188566838,0.0668170991801,4.18500914654,3.09574532557,3.12521962806,0.465808102092
4.48530164771,5.74027425218,1.59496085607,5.80164420329,1.95319996463,0.390101418163
0.296972705438,0.187867454392,0.710835681107,2.8657285385,1.89372253626,0.374579563373
1.12209313081,5.68612303697,2.58959236318,2.25795456373,3.4507299381,0.60009549269
4.05602840099,2.6532888436,5.12043193654,3.79815607404,1.68174722716,0.762981382478
5.40256978494,2.2503687436,2.42499266118,3.64465055074,5.07573090091,0.610159579075
4.07297096528,2.97273075129,0.214376306598,3.96904993407,0.282237151408,0.449700901519
2.20997599707,0.483313918264,3.93651196437,0.395438830086,2.0870127109,0.488945286965
2.86419917512,4.685130717,3.64915028427,2.25517585797,2.49375578056,1.10004348787
5.11770807633,4.20211305143,2.34664216599,5.88331705274,5.3820042306,0.394569132694
5.094383966,2.57078239469,4.63957119659,3.02500260477,4.96150204605,0.620848808318
0.188823033269,3.5913613325,1.30048063316,4.79325532953,1.02423304633,0.429918732939
1.74113843889,4.90356185528,1.6763312672,3.6494127306,3.6016015822,0.784680498113
3.14029364695,1.77755668387,3.53704676246,5.21911973988,0.519274386213,0.559254052221
0.707149811538,0.433071337192,1.47653942904,3.93270246332,3.84708653275,0.481818428921
1.57670091319,3.30922583195,1.76688520015,1.48650115685,0.31587885331,0.551354294228
1.05356024403,0.117609090471,1.23729625411,2.95199398713,2.57989719193,0.490611642814
4.7439803672,1.99984324549,6.03452479177,5.73234441169,3.76454088767,0.380223069367
1.29512932237,2.49384110488,2.21367207841,0.161757559605,2.602943337,0.588430286106
5.47356775234,0.0579566840537,3.02418471348,0.241498910172,0.191648455679,0.283519778973
1.25490795903,4.42792240412,3.6441403024,0.73285691424,3.25639781978,0.636743825898
0.11709420058,5.09252131166,4.55738561269,5.35611268623,3.07132190431,0.389535593127
2.01474532656,3.32504052225,5.3925868128,4.26463519978,2.98337351124,0.746244799267
2.72613406322,3.72749892452,3.55450681789,2.159282646,3.25979512772,1.49565492234
4.66969460778,3.61785285035,5.35016269051,4.19270500147,2.48415105501,0.650130288362
0.815379899013,5.56044398234,5.0128800725,0.369406528137,0.206011792176,0.284847400032
3.26961929564,4.17178572632,5.54879414014,3.1696910744,0.757757179852,0.555599514372
0.896967813084,1.84515374386,0.982166989931,1.22561502114,5.99161308366,0.371384729265
1.44338401783,0.755819208448,3.60677352347,0.0556338230841,1.14699380226,0.401115116027
1.63600416471,3.51963294414,4.38776433316,1.60951539951,3.00620869188,0.909928137962
5.21863971223,3.11695035405,5.7305323446,3.49676786323,2.36232681113,0.554162395953
4.58789640717,2.84699844719,4.14422526659,5.58285434689,3.34527856976,0.639205143648
2.31533704801,4.49094530056,1.03750702298,1.55905357007,5.41057831294,0.514660772182
3.13757707456,0.971888204243,0.64546123792,0.692530040716,0.36652704978,0.371255676526
3.51705008485,4.56536027858,0.493831215688,1.14416620012,2.49201927469,0.564948161554
0.310265249685,5.77740220261,0.0585535845968,3.63162918441,0.968528467574,0.301872438813
5.05910059467,3.89150803952,1.63807503881,1.10038216957,3.57493532975,0.631767015291
5.21922065244,5.23871261141,3.48965658076,2.97433732802,0.349417364437,0.450393950183
3.93239426655,0.766607509468,0.0885273754214,5.32680437336,5.9082579054,0.301149881512
3.10529316088,2.76361218482,0.216460297218,3.24146515883,1.40528442069,0.648656404714
2.8022500806,2.60172499674,2.51915722446,1.64032227664,3.04139466745,1.37374434703
1.03989941203,5.26708015771,1.01468696856,5.7299316571,3.048273536,0.394042521928
4.54405047141,2.86241921022,4.44294870416,4.37542679599,2.67789155084,0.871028999124
4.05510107264,4.23950482913,3.29775949874,5.73251275499,0.842095798888,0.50348797053
2.67547579857,2.35614270095,5.54922543014,3.11436109703,4.09504549471,0.755822388857
0.907041112478,0.782291228717,0.756828587736,5.26077549233,0.505237570818,0.326099655034
2.24118136487,3.49144027633,0.691697495696,4.09945830141,6.02923931637,0.464453533905
3.46803240555,1.148058227,4.71961616493,5.99136429678,0.338913444429,0.361853878926
3.16934324529,1.16336709798,2.08189164328,1.62875155445,5.32280437813,0.605306248297
3.16838818106,4.66995291003,4.09415353135,1.40991121071,0.535965819094,0.567726474005
1.60246109302,4.84079180966,5.61566635154,2.82486933036,4.69127735428,0.498146154413
4.06592056623,1.75601538684,5.04052512598,4.23496805428,1.32497930511,0.618113153821
6.03920339834,2.993588972,5.33901957797,1.33921298029,4.30416417667,0.413789644022
1.97770856286,0.286798174634,1.04076959043,2.06507203935,1.90361046127,0.517563838421
1.57873620309,4.75050118854,1.48819130749,0.593257655878,4.85736303284,0.462705543139
2.00436440444,0.390683974976,5.20372561452,1.05087314809,4.11632804074,0.440499318431
2.80698195822,2.44146362847,0.979348581156,2.76931056428,2.10578473776,0.97228127681
3.06657819393,4.29050899204,5.62989804053,1.82489180784,4.32076408576,0.598390084679
1.28350534122,2.4063949725,4.37360664652,4.23166916837,0.458306937038,0.550578065921
6.03447113116,4.42136607144,4.80544792563,1.40947831229,1.47344833081,0.410710373616
0.798475937264,1.68073590196,4.418551896,4.23432718421,2.33862882717,0.642655726286
5.97396321528,1.74420617399,0.436346778343,3.22159088896,0.838964532037,0.374349988095
2.92405300548,2.05580600652,2.46889129021,4.6193626594,3.89419714241,1.0415288098
4.18992624011,4.82204420526,5.91505628458,1.41319197865,4.57507908378,0.430437871715
2.91936008955,2.13966699209,5.09278654435,3.33650735959,1.2672616345,0.755170046331
3.74488612466,4.07283447059,2.09650537187,3.04333561344,4.37884042197,1.06098425369
1.25199829818,2.37641683944,3.30724848066,5.10411107233,3.6048145166,0.750083360097
3.52691844936,2.97486479276,0.939111373686,0.0823866615321,3.96836710536,0.526988692889
4.04262391018,0.554469216616,4.05820768928,3.92495229797,0.879742535295,0.539417461305
2.60030152796,0.238902514799,1.92032431056,4.36433472416,0.0547511299525,0.40841301517
1.49249656906,3.17885881268,6.00406079345,5.20063223282,1.28108243931,0.4144837513
3.7537218401,4.94026925282,5.24563249373,5.98633089889,5.5637288751,0.334823468917
1.76131651162,3.61729247573,0.446983285365,0.73644441219,3.0276697069,0.538858990516
5.97771857616,5.69647912094,5.45087150746,0.740674280939,3.74146955702,0.304888194461
3.02889449506,0.781077446942,0.964093240385,4.21198202023,3.52485650992,0.632361346275
0.931643422402,4.1221136367,4.75003283149,3.39102161286,0.781890373189,0.535539439489
3.67389352918,2.33982489896,4.54366094461,1.5021796435,0.789299674634,0.649202491497
2.47851956021,1.61943030318,3.22813324653,0.93741512631,4.24786274322,0.766790188007
4.06705094578,5.99939600294,0.791510378088,1.05416867308,3.79522629405,0.409315280239
0.586793015269,5.95862789727,3.923528091,0.873285886478,0.989871653928,0.344905130289
2.51842285825,2.30488934474,2.81126956746,2.51562550447,4.6463590625,1.14997630349
2.03797197134,2.54374481016,4.52774294986,3.62072253404,4.69237722224,0.853453326694
1.73930444638,3.52588956478,4.54058433507,4.90353694412,1.82481601353,0.702058684979
1.51217337494,5.2731051102,0.915862762251,2.02847760055,2.95246963423,0.565918855229
2.18981975344,0.356269569621,3.03876370755,3.96473132252,4.34542539029,0.649853600129
3.4263119364,5.34964302001,3.30332587333,5.46243297043,4.27345285754,0.541130545756
1.91647057862,1.52898522476,5.32481676286,0.553062669058,5.95363540958,0.351442486482
3.3489706343,1.77289374526,2.53331618174,1.39936495285,3.76169781919,1.00124352722
0.960475579487,2.01712411325,1.92283961882,5.68596320085,3.59034509907,0.530535360306
2.58765121939,4.29983878538,0.624368314259,5.68392427282,2.55138304905,0.502312017592
1.70316608597,6.00802851624,2.5934588324,1.65185703973,3.51360774604,0.55627958947
1.53058563541,3.45161092638,4.42522764473,5.07329517067,3.49952480369,0.717232374498
0.164114855773,5.43710768115,4.89633496488,4.81124056295,0.724913104329,0.32222269255
5.34748654424,5.67530338524,2.27812505515,5.7441394436,5.25211857775,0.324766173915
3.26796044335,3.79797594277,4.51595013782,3.06517853177,0.685612738744,0.748093678091
3.4440732091,4.33465253096,3.94526531821,0.954944581876,2.74365583324,0.825083263197
0.566572383827,0.35141989365,0.45211315107,0.314756297856,1.87170230629,0.303841805904
5.15192112375,0.104628966805,2.66398456882,2.3789318727,2.58520168706,0.535199321556
1.72432969706,5.74819771848,3.30384141478,1.52758859157,3.9422812992,0.577096169279
5.48922404135,0.249859278178,1.36768910115,5.80237526966,3.08719716283,0.341473379328
5.4250764294,6.03117619873,5.97683501084,1.95812905817,2.76643804045,0.332550534136
0.126417305332,3.21279878226,0.308517038534,3.56614036213,3.1388755897,0.478774887169
6.02640906845,0.913963065485,2.62079902172,3.0513371893,4.82764047906,0.454599168508
0.238177782751,1.7947065934,1.88636082894,5.79372539346,5.48916872977,0.341047266616
3.14097088822,2.80453036915,1.76933493442,5.70609067057,0.550373386817,0.502608161086
3.09804404786,5.26459160028,4.95065919782,4.22292826649,2.38302388156,0.632140335904
2.48097492539,2.20573094492,0.0712623093095,0.200629309595,5.44853600207,0.3532375681
5.14076324472,0.606518604908,5.37281228815,5.01086868426,3.58866235116,0.394758010862
0.446694913092,2.50882244058,1.50629512332,4.40029349599,2.72202857001,0.623835513106
1.38458500733,4.22514427132,3.3222161267,2.01145291365,2.52346577716,0.959814715171
1.80750939825,4.45256277256,0.847672099794,1.43201132735,3.08278536297,0.639798142053
4.81113641276,4.82010506337,1.20852281988,5.63508152902,0.975497763384,0.386927245068
2.39807973017,0.965614704744,1.27796944109,1.74334889309,0.70257535785,0.517497823283
4.56702607184,2.4120978377,0.29895353038,0.83088202881,5.26439725007,0.401132487309
0.659843207053,2.65798261507,5.8669128585,2.36951970275,3.55225363244,0.512426640021
2.24592967378,4.24938600481,3.62987342087,2.48786153048,0.364367558322,0.678648331827
5.60848386635,2.55074590797,5.6148184967,4.95249226262,3.78587904899,0.42968015672
0.693174024185,4.2223127399,2.10586839701,1.19505337724,0.984414006575,0.501620609576
2.44715643002,5.73824871338,2.66930465914,2.49243186651,4.59564924149,0.636264937513
0.136343747532,3.34438759308,1.20398124764,5.86162758999,1.53478917693,0.372015941204
5.53924813666,2.34167511496,5.3992267692,5.56061793842,1.23093588455,0.365981119294
5.00587230515,2.00569347457,6.00074338442,0.0917216479025,3.4352848158,0.361478195867
4.73368780642,1.83290407109,1.71993128926,2.93657179202,5.85300819335,0.522192090465
