1.15946308804,0.247631043011,2.9138544477,3.22965156038,1.15445068392,0.514685941256
1.45560348187,1.58188756746,5.57475664645,5.50830108641,3.98500822787,0.429416935536
3.74385523295,0.565079566192,3.15103408436,5.55167482809,3.05414736533,0.554971423878
0.851241602735,0.708684866118,0.340025846021,1.66500431732,0.65194951684,0.342017093333
3.46250215345,3.28926532854,4.35050682309,5.22030179331,0.963629282328,0.617360278275
4.52692178369,5.98998521009,0.804643541904,3.7034778335,4.81037509875,0.402197110655
3.0371125343,0.581193352773,3.87426232339,0.247856805758,1.09886560535,0.43850144998
0.62597566884,2.37008107136,4.48706428692,1.63394190606,4.8709034675,0.53732980397
1.58496297351,2.31695522948,4.30991136838,1.23678850491,5.23890429536,0.57782242559
0.937262855382,4.23361453403,5.30868987406,3.32170545841,4.92665881424,0.501951414695
0.546624403881,0.243480517736,0.901083457555,3.94831538437,0.913152641337,0.353642602561
2.80769224754,4.87394987324,0.191147284817,1.92618952063,4.48573624282,0.505080985833
3.35242278025,3.10156897344,5.20697069208,2.59740127794,5.20577983053,0.665212596197
5.6698429696,2.90341471455,1.90770807555,4.96364538203,1.87781876224,0.542132188935
4.94750534176,5.13337165406,1.69163075646,1.95566416809,2.21187106731,0.596385914751
5.11818010315,3.81565304367,2.40852088511,4.19220190003,2.29733046102,0.80535307028
3.23230824586,1.33786684618,4.27550548592,4.37756540899,1.54658347012,0.743291383548
0.707549464739,5.34382582043,0.0526202575559,0.779623475732,2.2260736946,0.333723454772
0.376897026779,5.60881687534,5.02950110265,5.14730631912,3.8999772234,0.35427885607
3.52139351783,1.86687203461,2.45096262469,1.75449354387,0.824802053169,0.761032420677
0.332310558836,2.84926214175,0.786645757874,3.00511689862,3.00067981352,0.586914649764
5.70034867475,1.52835619371,1.6116510313,3.43588249331,0.991889564234,0.485257103401
0.654138439198,1.24673664696,3.35528703766,4.94728473524,3.68161106996,0.556800957904
4.42419040074,3.17640523653,4.11674899168,1.18413926265,1.69681033226,0.751754278205
5.58487670412,5.45429334409,1.49799959258,5.3432844808,2.06425066545,0.379827258913
2.90679186233,5.81776782349,2.8989400126,3.25728796068,0.395988727614,0.504902905445
4.608722319,2.64440939854,1.00355137813,5.16105720971,4.54604053219,0.533030604185
4.94982494619,4.38010888537,1.16597261306,4.56494262464,5.23290176419,0.465006623602
4.51768502429,1.39996835742,3.64707287656,4.41171843967,5.34258895212,0.562972900248
5.47206873154,1.94404590604,3.37243435277,2.83329058984,1.73682925549,0.71488506543
1.38660288637,2.40235758522,0.968126771208,0.324401078464,1.54720227532,0.468204548917
2.06524709012,2.6591814898,1.68529180109,2.46243580006,1.70598094598,1.03286168339
4.27832660157,1.19340562647,3.10852361895,0.932375345369,5.12951396986,0.534199991853
3.4022293565,4.44201926725,4.2825760374,2.38138518152,4.51664268772,0.864371573155
2.56267564086,2.72330163115,3.26315930219,2.62616629474,3.44125504957,1.76319418436
4.89703613323,5.78106673981,4.3805863205,5.38756584811,2.80588077141,0.4170620094
0.734657660835,4.68580406398,2.17516409847,1.38390468174,4.26518436391,0.559706053539
0.0720718486579,4.06636512496,5.57601715422,4.75261320791,1.76538210399,0.385479798992
0.294863128508,1.39640954701,5.97821439443,5.18968903598,4.74222670758,0.316564682726
0.648154032668,3.94253404888,1.6946436287,5.01727989657,5.59275904073,0.418141962668
2.93864864687,1.58469191981,1.20203943041,1.87800086339,4.83504250955,0.67268557762
5.66697472842,0.506523262449,2.23124549222,0.0564456947494,2.88742985001,0.362340529515
4.33750423183,4.45626360486,1.21460959903,3.67579230496,3.16783066682,0.794779726969
5.38461439152,0.845080267934,4.96846638821,4.38736360403,4.1093768689,0.447218799531
5.81164624253,3.03680818547,0.647893033115,5.66259855948,0.827568515334,0.330600301811
0.949880431727,5.27439476219,1.23402833519,5.64973855232,2.60643224163,0.405341958289
2.03477060153,3.7182824248,1.74536402606,2.33464280725,4.68922208456,0.883557674238
3.93701195897,1.43159970048,3.3461340245,1.68514853015,4.76876305239,0.751030594394
1.11847753806,1.08305012418,0.199738607089,4.95851282624,3.50974370988,0.41404612372
5.62707996803,4.59902444177,0.903956608983,0.317876597546,5.37185192817,0.315743337906
4.91963568117,0.532466178177,3.28479495798,2.05827115257,0.596554145879,0.464722072106
4.44950908212,3.00366715613,4.72763058466,1.45178065615,0.162947746589,0.487053008629
4.33546353547,0.313188378141,2.96634762362,1.03341840985,3.46190064896,0.552964383238
1.31612090066,5.49819205321,2.66837703828,5.17385815683,1.03845437653,0.439372973817
3.52037063862,3.22459387772,4.00626646159,2.36513702844,0.956172180231,0.916247354621
3.46042282602,4.93707646831,1.08793342326,3.73493661642,2.40197699492,0.739753506181
2.58334669439,4.87204244567,4.19404386933,2.95344910697,3.50613360181,0.965043996303
1.08460606877,0.768200571529,2.58279658261,1.6679668272,5.01026758497,0.509185465752
1.02654653325,5.13166610967,5.18852608395,3.00123671714,5.96586842029,0.370034017333
1.67727327662,0.970160402561,4.10738619759,4.47358313324,5.45702747895,0.492499473128
0.954973508018,4.5234524229,5.65651675291,0.774617890421,5.25117637072,0.349892062893
5.62369047047,2.71716113449,1.28192982601,5.17554548736,4.17757879064,0.475393521801
5.20378912837,2.79716495503,0.837309504983,2.11207266246,1.13737312839,0.530987005839
0.050149293792,0.298856156294,0.434042950673,5.85049923359,5.59862231955,0.235515132403
5.84336990801,4.24408988812,2.6184078522,3.10407288518,3.42803750391,0.667905768969
2.23733513562,1.2145918608,0.221685087606,0.996009548958,2.46862924405,0.481076697076
0.159984275046,1.42242516569,5.09208105318,2.22801697114,4.46923719695,0.44080339767
2.16654579258,2.29824189922,0.37706178428,0.659215533432,4.67388801947,0.468426019321
2.54080273141,5.50927465089,3.17342397686,5.92776273637,3.43464493175,0.492656750669
5.19148352641,4.04692968443,4.85765670805,4.79227488484,1.74907584415,0.522831782607
3.67465628532,2.66547961443,2.72422098396,4.34620955683,1.77141241395,1.11547053295
5.60721893154,0.128006324444,4.73643413968,5.59489855667,2.1363705466,0.327434104746
2.54170646228,2.0844310514,2.92019565476,2.26710448699,4.44923112675,1.15047329029
1.21622630037,5.67095716684,3.16042655409,3.78915069009,6.02979093152,0.397709363043
4.04491983222,4.79141137171,5.41547014194,2.48773878331,5.30747428943,0.482570580544
1.94044057599,3.1903939141,6.00625438975,5.57514000655,5.62510433222,0.348201535658
5.57998631976,2.20363248483,5.39596609376,0.108393039403,2.9548513149,0.378865182064
5.00518366418,4.60152260119,1.63285552706,3.92639987783,4.35166568024,0.619581104016
3.76608295662,5.459846903,0.656448236448,2.72646376447,5.94552622153,0.386385154273
2.62551541682,4.11858281425,3.38225293008,0.309756019219,1.26740917879,0.596058841731
1.30705007548,1.23454235553,4.22518536797,0.306886273951,2.01235990978,0.482805047505
0.206367203779,4.11387542792,2.02916039078,5.8108306835,1.63596663935,0.404056919664
3.59419972922,3.43569855346,3.42490228445,2.92123982635,1.99306451312,1.48289391295
3.32007134136,5.06800667911,1.81941726971,0.666652028077,3.13798962032,0.615899061094
0.382899745724,2.93481851648,1.33818669411,3.98537433671,1.8558630813,0.591887669197
2.88897889772,4.32885806445,5.05326264287,0.548812815568,2.82059284411,0.587041098445
5.49947083417,2.26684973796,3.58722271177,0.548968508648,1.290537862,0.47484484631
1.74595044573,4.96779513995,2.92903822071,3.70303641646,4.26015954291,0.797947306219
1.34930858152,1.32019365194,5.73915457418,3.60346648223,2.74822812206,0.541211637676
3.55867367216,1.64841086584,5.43609078865,0.228779819942,2.31804171935,0.471294041413
1.02440691898,2.71718672835,3.08212714707,5.03836855307,1.61138673517,0.663442803735
1.72292527954,5.96844292759,4.62118289587,5.5934161308,2.20069313322,0.39315121258
0.913700360384,4.47608957958,2.52751282999,1.66137697595,0.750254350195,0.537403329552
1.42398524853,0.369708201178,0.199068053327,2.09462053604,5.13626038031,0.361914995897
1.31021247272,2.59688649347,0.807256087686,5.38471817177,4.81994181766,0.458188527567
2.37039283678,3.834023013,1.81892388123,3.6219075112,1.16145054739,0.888575051548
2.11242470099,5.2028114069,5.26295443698,3.53501382822,4.41983047871,0.553609030089
1.98381356467,0.128456460304,5.54116462999,3.08444905045,3.03802747822,0.482055657018
0.968322475966,3.02422227989,2.68170971905,0.0533693119889,2.58001425005,0.552833482569
1.2968371644,2.35893727323,4.16533452917,1.51206182824,4.06658885127,0.767972392724
1.2945584916,0.801731612001,0.938033680333,0.960922107597,2.6009956313,0.469270680342
3.62869087016,2.4952355611,2.31810016077,4.74952980754,3.76730282427,1.02410382885
5.77086698835,5.38382840932,1.00048994482,3.68816948622,4.94556127916,0.3756973674
4.98090155148,6.04597193313,3.75579721653,2.79453004961,2.64629703161,0.527970028029
2.67538896851,5.2756589643,3.26167384333,2.55578950022,4.87485898944,0.71099035311
0.459446789643,5.79456343591,4.74033170592,0.838968495831,2.25731411988,0.363446190918
0.482098631846,1.13801028054,5.89262547328,0.563022238788,3.90290922799,0.334132792524
5.26450867363,1.4631943139,3.25495660002,2.19570449885,5.59253350155,0.501935076987
2.72126458971,1.58015384547,2.37543605217,3.29286633377,1.81628612848,1.11474196497
4.78681493093,1.53885629035,3.26121180619,1.98269724627,2.62633943889,0.864273813472
3.81962646455,3.49582686118,5.18128559549,3.58170799421,1.89464475394,0.817271691829
0.63462191932,0.822190857427,3.00943824282,5.84061011795,0.17403523621,0.318541356877
4.69496423307,5.18627661358,3.54006190419,2.8856002111,2.89711922018,0.771126089833
2.84972865968,3.63672777547,0.78061727699,5.62982621247,0.239926471561,0.401805630976
1.14337650386,5.83306641158,2.2815925719,5.68425049773,3.27635038555,0.412014412762
1.1455029287,4.01317247774,5.96178145312,2.42235652389,5.0644864443,0.437951022543
3.01761300314,1.87601563115,5.9564088092,4.87121432146,4.84451547725,0.456460836648
1.18069310194,0.219899707084,3.70808068656,5.22707748687,1.47483386115,0.419705696677
2.14952200244,4.17460095622,0.0532247561481,0.667953698991,5.60156076103,0.357231617566
4.48606490395,5.33876899892,5.30986421576,2.6701257985,5.49153090997,0.411011063861
2.43141319128,5.33263133019,1.99153280091,3.05698236237,3.76654602167,0.808256778401
0.67619296761,0.0828231714306,1.69644522796,5.22538209032,3.40984766038,0.388658095971
0.266541104156,4.17408361263,0.222435701095,2.53694516278,4.15086754343,0.432824563363
0.983877584415,4.24926734387,3.21163770069,4.382113065,6.03909569779,0.458367653394
5.44481712966,0.165747199852,1.14330812045,2.09132799245,4.31552841036,0.399780531938
2.43181895816,2.30526562235,1.76802564937,0.16896189889,4.0099507407,0.611320796213
0.89580691979,3.33118914536,1.09347732599,5.33384791788,3.99671213688,0.509880862355
5.397050506,0.391104860097,2.28933005405,1.71734398658,2.63590135665,0.504159034183
2.46364317389,0.143955071622,0.703886434622,5.50222994962,1.38828163806,0.362639440361
1.26121429965,5.58088600425,2.08532743622,1.94212422282,2.76700724726,0.599004659341
5.34980317483,5.05589851606,4.00221632672,4.67961978694,3.97176728476,0.512342706775
0.128011346185,1.36668981497,1.46740930247,2.46744425251,3.2911688929,0.536675024591
3.19260163961,5.35884423157,4.09183751723,2.38960706161,2.04215269701,0.764327218581
4.76723577444,0.863763070564,1.84816827526,3.61527974016,0.959397860073,0.538910029636
0.643949222939,3.13490162914,2.87787694135,5.82410325697,3.89102514887,0.516700462246
3.35815686057,0.574152120355,0.881733152467,4.1135850488,4.09005801139,0.557775289301
1.70436647395,4.71022673219,4.99097816996,3.14053780109,5.48009431189,0.506632979508
1.8027236584,4.69725969925,5.34062370531,4.28542252472,5.09456135252,0.480026602355
3.74630384339,2.89792740307,1.1472505272,5.12804799359,5.4911335771,0.506729273217
4.91075882775,5.18969792226,0.473039655838,4.13834458859,2.36099158145,0.464350316358
3.14410467187,2.24391953315,2.66193256597,4.83712072063,1.61707847717,0.90957067461
1.65039237821,5.21097318386,1.46680561176,1.95506250822,4.1593833069,0.606185803682
5.6766790396,4.79228386553,5.01965898952,3.01608512713,0.242902405094,0.369579737353
3.30008333171,2.41136713499,5.43178282865,4.44177707865,5.15241406357,0.553657316009
5.93609397539,5.03134814354,2.6988164136,5.48217054712,4.38698030745,0.385763481075
2.40522558362,1.70502505962,0.545545959566,0.451423359763,3.86146640078,0.492794637942
1.59845106106,3.30412279249,2.87845998665,6.01953065979,2.55228398046,0.610142380354
4.29752189665,0.726498738009,1.38427705187,5.59189521114,0.483442364294,0.363452459005
1.66625243456,5.78904702686,0.610631463186,0.372388641178,1.61906086481,0.34390163415
5.72855449605,5.23792393189,5.58107917475,5.36047601338,3.4784447291,0.334268848912
2.98508030247,5.18840680257,1.5271632921,6.01497361714,4.23064664411,0.443200489524
4.77959225358,5.94189064144,1.60804714047,4.6080697913,1.07519870908,0.399202387855
4.36164968412,3.27755536347,3.07738076426,2.71954151475,2.91926839416,1.42403705477
5.78910522231,1.16634114167,0.226266663338,3.14619438909,3.23885387218,0.418175000468
3.28340027233,1.89052710707,5.72210979244,1.69680685338,5.44489491421,0.467356305768
2.04581637412,3.92278082454,4.48838883725,0.242290712777,2.59486614853,0.597143761428
2.81115808171,4.59956190045,4.17510427188,4.43159043443,1.34882580419,0.727222113135
2.7564634233,0.962934333155,1.65958025248,2.83882914847,2.7625712741,0.901874263892
3.36456780794,2.8803578597,5.22307487092,3.48141553026,0.386177742519,0.582984540409
3.85869652298,0.180891507085,1.03155965022,2.9097511756,1.22732492844,0.482858252377
2.36619513951,4.26338169824,2.0643138638,3.14964998453,5.21073349109,0.782283583102
0.264497753327,5.55432668668,5.24845764152,0.204026204255,3.22676450271,0.31316537135
1.20086855976,4.77477426729,5.56196961402,4.56319483202,4.52101247329,0.440384239372
3.27412435838,4.14410782489,4.92428628692,5.2843413147,0.645372814791,0.479628061495
1.31098482948,4.77446295481,4.15049630516,4.79321023384,5.74064496728,0.433804275341
1.44080062453,1.75018870846,0.565272223481,0.385315546655,4.35620748333,0.423784411361
5.415700886,0.615259155716,3.38422291779,5.66380978515,2.48288154523,0.416085516847
1.09031173188,3.37489457465,1.37931723971,0.700804929351,3.38669024693,0.593475502917
3.87381816657,1.1058997132,0.670520654253,2.99774271368,1.26579972613,0.562268295808
0.894661848172,5.10511630072,0.788411230991,4.36448704607,5.78003201642,0.352789794359
5.35570036756,3.56987460362,6.02263977164,4.77566128634,2.91001212077,0.43156457619
3.71327389998,5.19472608654,5.31986093318,3.60572132238,4.0161212979,0.584564988912
3.75416638355,2.23577155665,1.52879677008,4.15124540717,2.67799926698,1.02603023827
0.607591561783,2.94307812891,0.933401501731,4.38128085341,6.00958643006,0.385160017713
0.699754802946,2.18261877442,2.38187494181,2.87947619695,1.05921269936,0.661266326959
5.72160920891,3.87939335553,0.788797854176,3.46652438745,4.60632840125,0.479206275858
3.39472765483,4.26931353614,1.18945954256,5.56255643918,3.68841563924,0.585286992871
1.90869240008,3.67276749161,0.50867583392,2.26329355476,3.2286900536,0.743754322906
5.71736364424,3.01574546909,4.12752950846,5.46298012099,2.13276215772,0.488424141755
5.75663654139,3.44749534273,0.869439613174,2.49480307714,2.50602797012,0.560606716685
0.758062296706,3.42554714093,3.69096432325,2.87919124638,0.172319672363,0.534897301127
0.475978013452,1.38229898801,3.12206787809,3.33914457684,1.08754373073,0.562586253933
2.75125881427,4.63529984704,4.00636199519,0.942513079638,1.11938761492,0.605370938029
4.11986565803,0.749963464747,3.31430853144,1.34068642364,1.89891646859,0.650141802572
0.803980476839,1.09741074057,0.54601940859,1.70881680824,4.69242075103,0.416739415261
0.902869603919,5.6647202116,3.14502605256,3.18711201645,5.79091245176,0.410780094118
4.67305968529,2.89302131531,5.97205941687,5.84570468466,2.80938674986,0.403582539399
4.10565620822,2.85202749706,4.02184084996,2.04923528984,0.246132367488,0.633863362643
3.15996255463,4.61978862384,2.54898600497,0.837210859082,0.146747939054,0.483759679143
0.776326002385,3.15281845521,1.79079596013,5.53388707527,4.6430467385,0.486607580499
1.9071688642,0.513841243367,5.80109634305,3.09077976101,2.34665733718,0.484109034349
2.53308595828,1.68958813005,3.40348130838,1.03881758306,0.192522555931,0.53117601566
4.69426325697,2.00312621289,5.20739724639,5.83524089125,4.0720121313,0.436210936728
5.67555395527,2.57460482976,0.218783779242,1.23237767588,3.42996099359,0.427641574109
5.9891560115,5.63711720482,5.64725224573,0.54842525139,1.13985098666,0.267610379574
3.65332533539,2.14588621071,2.98254622737,2.96919069198,1.8697311271,1.34497074984
5.54333670849,4.13632769164,4.73653405815,2.2342047242,3.53860644095,0.600532357281
5.83141795213,1.11638371361,3.92060986428,4.08752179451,0.111181641567,0.371189246599
3.75250348251,0.90243196331,2.36582256023,3.48119071015,5.03157633171,0.679021182027
1.86246963748,5.42975170486,5.76185000837,3.98866138703,2.9196671918,0.480552315924
3.08803222371,5.7531845046,1.40078826197,1.9778890599,0.348550176354,0.430660444639
1.04667562702,1.08865135998,5.3227717474,5.27771983106,2.96415814194,0.433777553875
2.91963567479,5.78487910166,3.50737985994,2.81854231413,2.62936791248,0.758165093436
1.7496076737,3.32130816741,6.01175832187,3.05408827274,1.54442183284,0.559940466789
0.761258006436,0.100420253026,2.80674303164,1.67338264793,3.1351489348,0.494191873803
5.25552356229,2.62342409101,5.60236918451,5.78396115189,1.33924115852,0.363503110633
5.88573786416,2.24526571363,4.82934070701,3.10666505472,5.83809623052,0.395104467053
1.50972790238,4.9359930969,5.03320940079,5.45322339544,3.1163937229,0.473153882937
2.56381454552,4.4973019638,2.72014793333,2.20967778456,4.4449247736,0.97819554145
1.45432774707,3.66764734041,3.27201592668,1.11164829843,0.860733412377,0.62300707704
4.27984719902,3.35342962103,4.84385359568,2.16708649522,1.99511748938,0.842726134184
5.25021960439,0.0695585492509,3.68898583115,0.548680763139,0.875914694405,0.337309296662
1.02225217126,2.44945967377,2.75428294151,1.50433461272,4.75562459444,0.685204149345
2.46717121806,4.68589621727,5.84456786261,0.134386228659,3.02048151329,0.409334786978
3.85867257176,5.90759335668,1.65503044907,2.31732587314,3.20664478056,0.605726287917
0.635217275262,3.81983537369,3.83566368439,2.90515879329,5.14245319624,0.60380049951
5.88964066223,2.4612738287,3.13751690469,3.61536427257,3.8060892802,0.680845822922
2.89701753343,4.75729543953,3.38524207876,2.49822202321,5.04525558674,0.788521917762
4.7096030071,3.80300183958,0.13014276352,1.65458524176,2.48254709186,0.529618004061
4.76631333977,2.74644792435,0.545829526717,1.01497400012,0.764310889381,0.432044980085
4.91779226162,2.93093064714,1.49624979075,2.30977905353,4.83775537348,0.675780138785
4.48248580447,5.48462899513,4.41011389571,3.54540905652,0.210663059791,0.426667791564
5.30499462605,5.24641682917,1.49952126516,3.95747012629,2.01643391904,0.512952657091
3.33967183258,2.87451869232,3.89938361995,1.68323190741,5.79445599201,0.645874839962
4.24651757035,4.62267373849,2.54494412611,3.74880797273,2.30706058138,0.958328945927
3.23599101611,3.77883597699,1.98268129074,0.220921815839,0.54143161866,0.488637978764
1.90595479357,3.91004554474,5.56644446007,5.02724035935,1.54324277523,0.503940815658
4.19786647254,4.65194004557,3.49624068495,0.658457837683,4.63819020699,0.568940459238
6.00742454499,1.76321694323,3.17310029908,0.134636734235,1.38690580925,0.378550167208
0.192517905405,4.51473783793,0.82404484893,2.12593716787,5.59965291026,0.364519849243
0.619917973174,0.375107978489,5.4588080421,2.55620171641,0.802762029335,0.349340130934
3.14394551027,4.32960451822,3.65968718727,4.12594239813,1.45910980419,0.920315025182
2.62788350745,3.98361780353,3.8418703371,0.683691280555,1.16201416642,0.64274794429
2.10903022984,1.75149876759,1.73146184573,4.48947632031,2.80388429794,0.891363108071
1.6251532762,2.24909332454,3.88427734883,5.04125543147,5.85077004301,0.487100973102
5.02183265002,0.556587435858,2.42369931889,4.89846382549,4.69527251148,0.457282738976
1.17121474629,2.90622840783,5.24968599515,0.954239259776,4.6446674706,0.492503995913
3.25418652547,5.54536754919,2.10934607411,1.44727008865,1.22427982738,0.5586303977
4.95377100269,3.35475217994,3.56607192927,4.38141768632,2.99993288301,0.895109101669
2.34264906307,2.20518506931,2.07317955889,3.6784243232,3.27303860607,1.34090555194
3.51479104377,2.86495823808,5.52519997233,3.629647235,4.90720968444,0.637194898108
1.72330295803,4.25008048298,3.6371985873,3.28735545358,5.59727461857,0.648210506355
4.13311816078,4.33257492979,3.80509619796,1.38200166115,0.716087925788,0.604519426465
0.130856487082,0.539095418331,5.08563569048,4.83073155893,4.87286144598,0.327900028464
1.32030060388,1.34140558351,2.35542338168,4.48645216196,1.43556119776,0.639189474513
4.19993328617,2.82177366872,4.64570031065,3.79767268482,0.933811330686,0.709957440584
4.5234715682,1.88071232341,2.07434850857,1.67914461563,0.0943539050066,0.509734933526
4.70462787937,2.26282060612,4.52422261367,5.06643993081,3.15162463002,0.663763442456
5.41577947471,1.66533701739,5.94736837255,4.552249831,2.9872396119,0.421692922363
1.71936122658,4.24156723281,4.14914561211,2.16070647966,1.69378817786,0.839442837691
3.71980750186,1.84469912223,1.60855107447,3.29886365803,3.92228935916,1.02786435228
1.80338711061,5.75341117835,5.19528313518,3.10383594096,1.1731588939,0.45084536871
3.53982152914,1.33839062307,0.747125947312,4.44392096438,0.535119168537,0.469740717667
2.11482595011,3.14409494672,1.42667724389,1.91240991176,0.11014097146,0.561363221344
3.29722067387,3.29447192213,5.69334487381,4.54207389769,3.84762695298,0.644096502874
4.54608888095,0.237522041509,2.78651698682,5.8249176526,0.31810732492,0.330688286035
0.111047459746,1.62737376884,1.82041337799,3.82535218185,1.78589793014,0.532571423611
2.15357270121,4.6567258353,0.400523195565,5.35984892189,5.91025102132,0.341799627347
3.59386459921,3.914256999,3.64823848118,4.63257643876,0.375585147635,0.618750109688
0.610103640506,3.50951022918,2.59984889087,1.27369539325,2.55835790974,0.698982905301
3.07066743059,5.91555047136,5.97433542379,3.21895477635,1.26712438176,0.393655861777
0.295617122998,5.91233417647,4.0190329489,0.484839770129,0.801933990367,0.303109934452
4.48327517097,3.48010046341,5.81338118247,2.34201053455,5.54005544734,0.449831482779
2.87501709661,0.350737351939,4.33312325957,1.13273730758,2.26375642057,0.560533230762
0.520579050948,2.59905976328,0.952010745234,2.05690736298,0.850150626313,0.475877363497
3.24504794998,0.99877621392,3.48207591035,3.36163677567,4.50471704145,0.855263950584
2.48878213705,1.36880614296,4.87052849399,0.471464140111,1.36587962888,0.488165479184
4.71411004208,5.67173463496,5.32568615592,0.469120315762,3.97805544015,0.35910382422
4.10074630905,3.77142657554,4.52240159243,1.47673228469,1.77298568015,0.772179504136
6.0119887891,0.15298520791,0.0867896560277,4.51933309589,2.20273903756,0.297544995234
4.92862786388,4.51120547628,5.39008904257,1.87143313153,2.3110741173,0.54158990439
5.21584673945,4.49299102436,3.01697320939,5.42933104031,0.0858136864203,0.376883216155
5.23149777245,0.794222210382,3.01835951143,3.75347674419,4.48044885354,0.568025899937
2.35951414697,2.63860473586,2.44621465383,2.55319513882,2.04317852368,1.43623501528
5.78701484892,2.94944904938,1.86132829484,1.25696642485,1.16904855351,0.488827130935
4.36847791789,0.400116633237,4.34177119566,3.98922012866,3.65492175936,0.593825841378
3.02715230789,1.43976596568,2.69245400868,1.11910152984,4.75597112844,0.706670547392
0.611037491998,5.1393914219,0.284788119938,1.51431222386,3.64503135508,0.395572019166
5.87767465966,2.97308194285,1.62778926107,2.81019629038,5.02625221436,0.517962369755
4.82768538319,0.858272924912,2.57197190474,0.949740471578,0.970672423362,0.466583928112
4.7578490543,4.78567738232,1.43948895659,5.12023096906,3.28643597956,0.546708097603
1.5810192871,1.49699670829,3.10451939303,5.75368319847,1.08717189993,0.487207586266
0.450023554773,5.45381587007,4.1351249982,5.53730082636,1.81516913153,0.375180734493
5.21947771249,0.718772034131,3.80443769946,2.06904414398,1.93701366386,0.562625219073
1.33071379653,3.33789351171,3.21828176279,2.16904171235,2.26977411241,1.09026798498
1.99247520874,2.75401606239,4.8938167468,2.1620474563,5.23620501747,0.65083262403
5.59274486816,3.80990348105,2.05531242839,5.04520450075,0.116577397519,0.388082881845
2.21714054653,5.27132923743,3.32383683637,5.76240813094,5.38238203292,0.413508178211
4.22239839209,2.20948579596,1.61103981629,3.04386370485,0.786107933072,0.716762485193
2.53528892733,1.4335715692,3.49382149996,2.29629491803,5.63181391794,0.652096252996
0.303177032818,0.135212630378,3.07973692855,5.96928610797,3.54125517811,0.337885370935
4.10900942664,0.932086060155,4.82247150617,3.35545133159,1.44759540123,0.611102085333
0.35308415507,3.71155944865,2.22766821577,1.08339520311,2.14349215691,0.570908022167
2.19402266507,5.52484158012,4.20859390778,4.79034970744,3.91198206768,0.570705013032
2.34608971137,0.163628077463,1.25226591904,1.10983217645,2.32542220402,0.486500383744
4.09221275032,4.61784964542,1.39473241167,3.63526334801,5.16934556095,0.60617560009
3.2534693739,4.88449356867,4.65651709993,1.81429387441,2.69770663411,0.777792957524
2.24286595827,0.944476280722,1.07557362875,0.744996384527,5.49766577873,0.402816132309
0.350168756336,1.8593624822,3.51545344878,4.40871770108,4.83019675591,0.528472582
0.98634463052,1.61815637694,0.71081731586,4.56781067488,3.18452297724,0.534852710154
4.10314035279,5.35077377221,1.2290599745,3.79165260261,1.17211964386,0.530584341068
2.18618712336,3.14564036938,0.509623017774,0.223150460411,2.52276969015,0.504435955232
5.89901492298,5.39172365844,1.41357775306,3.78656535311,5.87432859722,0.327634512496
4.79379703173,4.20458249865,5.03235917008,4.17491968302,5.56130502241,0.459983076265
3.50057181434,3.71793422148,1.22687464532,2.23019860731,6.04223893751,0.533111924184
4.27629675615,2.98128347977,5.26930191764,1.05508136765,1.07489961819,0.519002366569
2.52982860929,3.72074095698,3.9050648084,5.3675166971,4.78298612276,0.651727091948
3.00139400428,4.7692993208,5.69384512568,2.99883149355,5.31856141518,0.481627082878
4.08372670712,2.33453974544,5.93334829127,1.67467717145,4.69992777293,0.503320198066
5.96503192057,5.35587108596,0.662471261629,3.27135286078,2.47002603281,0.397454885758
2.64528305039,1.27015787525,5.52306518963,2.98421771188,1.61407359551,0.609567394775
5.12676073628,5.03626059096,5.04883205194,5.41230912453,0.836220155123,0.352505400211
4.24017808598,1.89597871267,1.33662824931,4.15942423477,1.98061741735,0.774766435195
4.91103250777,3.35626777426,3.77065969561,5.76444636966,4.98793079985,0.476941751774
1.88844250008,3.07435818954,4.66572486415,5.27017259025,5.69168038285,0.466972104143
4.97977858353,0.514168021262,5.83238513922,4.22337561257,5.25403706439,0.336715977324
4.28067303134,2.55482322946,0.31193541726,5.63869247495,2.27851607239,0.464096690881
1.21046974935,0.0759923801846,1.39812898347,5.5810486161,2.76659656992,0.384105426275
5.07029089955,2.27233860094,1.49896056554,1.04346047598,1.01645575495,0.504255676234
0.903947130647,3.34536782089,1.84967448074,5.11823426973,2.66675683598,0.647922997688
3.71451144858,0.960581084794,0.0753344436965,5.58526775152,3.6765784275,0.394247262943
5.80191591818,5.7233962307,1.74046002452,4.56571820769,0.112517990985,0.306343579185
4.09040664571,0.705497019169,1.84322134332,3.54781421552,4.54888290272,0.645535863396
4.74110567682,0.0934000466083,3.23083026637,3.43506127067,2.29983404374,0.580970917348
5.24852057415,4.4562299977,0.85181513656,4.24977829272,0.645263019849,0.418447145099
0.934730482646,1.17170426436,4.92892735526,2.85767804524,2.46118575567,0.60098535587
3.46228950305,1.21137542909,1.7570541365,5.09354784223,0.961577958567,0.540660045506
1.85253203491,1.96414664684,3.59920851005,1.59961131542,3.16929118338,1.02685495658
0.521253692723,5.23218926374,4.33854950206,1.65763436568,4.97732483841,0.423185021752
2.97686416839,1.67625543781,5.60159696416,3.36698144984,1.06410948021,0.574597420857
4.65687316014,5.59989482912,1.06430259554,3.15288265154,5.27161688312,0.426708129466
1.10445039106,3.70410991673,5.60473729615,3.4538566483,3.87124481998,0.593873992472
3.73408447256,4.42646665642,5.57512720195,2.39114486096,4.14776619583,0.629206280892
5.20193792485,3.34469351267,3.07223718954,4.31388273961,0.57923385954,0.569509843483
3.4245241048,2.78740525493,0.470059405809,1.98715098384,0.374945325155,0.511697616627
5.12663119585,4.02691570877,5.71860807882,2.19642046584,5.10116297752,0.434243166759
1.69226146842,4.62218215799,1.46973434318,4.81444526551,3.0082896199,0.66775072255
5.56824778619,1.97878094534,4.83190894165,6.00944902205,1.81982672319,0.378153786522
0.390368369073,3.17712740046,5.28545769913,5.61683914204,2.44590516994,0.412886408842
5.27367863381,4.4039719969,0.561790189559,3.64023561562,5.07409360622,0.438646802698
0.517538322548,5.47905266115,0.740263039287,2.78289423219,2.53649971931,0.440981337002
2.45607139481,1.9474574817,2.77888702848,5.42678526712,1.11288767968,0.628809221378
3.82536776585,5.72855263714,2.28666272396,3.58677148132,2.57995391613,0.706423174112
1.12347503273,3.80580210878,3.98987235454,5.81361356452,0.397741902558,0.402597903629
4.58659770149,1.00643810801,2.82117775408,2.14623582601,0.405398764585,0.526747514099
1.53956376614,2.28819272164,5.35225593544,0.948181391977,2.18926934387,0.554326939858
0.63286148884,3.07814685665,4.74973044572,2.06873639945,1.67263177737,0.613490662601
2.2134291379,4.41806315913,0.422281951459,5.4062698233,2.99959833272,0.498396116292
1.63615474619,5.88655331295,3.14773498575,5.50016128981,2.01790082946,0.445843108039
2.88724124455,5.41911800176,0.540275190033,2.91812714609,4.79611859681,0.496331175487
1.63784927415,2.41125208571,0.284622762674,5.39471088465,4.49857237636,0.443346685819
0.806177211667,2.21479789684,1.7084891229,3.32666177561,0.798232380422,0.586445267174
3.68568921668,3.44662026657,3.69173839893,0.149243609496,4.78064372725,0.573208943394
2.42695350952,4.9463205954,1.82370293577,3.89274441421,5.04034583161,0.646821132445
4.48495314823,2.99330913576,1.05006087529,2.56318952764,2.65866615821,0.883805601198
0.550226910563,0.38809590593,1.91173892861,4.77449009351,5.89648973475,0.32737284266
4.52036119028,0.310432246045,0.334717871951,2.86057435746,4.40366843065,0.423034637969
0.594373948145,0.401553937259,5.88988765903,1.54171752024,5.7459532655,0.281236546293
4.15360499095,0.239980574418,1.93767754368,5.92019536684,5.20496484722,0.351290709431
2.15875618686,4.56466023326,0.709689339595,1.97201824729,4.08487507996,0.639587547169
0.91653018326,2.79152920423,4.3717614214,2.74713040684,1.85446878155,0.791000267844
1.9916793237,4.97206292851,3.00473424851,4.26402820403,1.49678584238,0.726575991223
0.0799321377277,0.896052428543,1.34404313801,1.29383336027,2.60226600953,0.420790735638
0.0595283747306,5.8494698875,3.19103112929,4.36374157107,0.749371937599,0.348098964349
2.90727701477,0.914879630362,5.99058326049,5.85195459445,0.212578207496,0.292369637754
4.35238763523,2.04376353706,0.581094162618,0.363805652219,4.49715859303,0.438876555469
6.01013983683,5.12987638072,1.27643272563,3.5278030788,4.67017491356,0.405909066444
3.16929674478,3.0613218194,5.26882650251,3.36933057993,0.698797253444,0.640535606247
2.70380902566,3.04294961007,4.39516368922,1.80472490998,3.12988478665,1.1790217026
0.172660172731,4.99720382318,2.32433050955,3.20175385199,4.70671674712,0.490369401367
5.32586901095,4.88121640389,0.11293777792,1.34380071137,4.13365281458,0.380055668542
0.629414557462,0.460261636071,3.8255905474,4.23487551258,5.85392773653,0.364679119068
1.24280572429,2.72518470997,5.44562244851,2.94235318513,2.14646663481,0.672216183777
5.99025712233,3.31136323848,0.153923699476,0.86184713359,3.85075594416,0.364508288817
0.229238506327,3.98777400462,1.98627838253,5.38271564523,5.85172607319,0.350998827016
1.71074600965,3.73925420686,5.74768364562,0.224860203105,1.23074444177,0.390776056728
2.64548705112,1.64665822162,5.69802073426,4.09086447231,3.12358355666,0.647593422472
5.30509662845,1.10765124539,5.52150323388,2.75202850412,4.36789286857,0.450753925674
1.88127488834,1.10174819398,1.20820133579,3.20958148819,5.00327169085,0.584027884572
1.75806430097,2.27593637556,0.6255812083,0.684033618063,1.14821263501,0.465173533525
5.2073675311,1.27654551348,2.15000472733,0.252701413275,4.25060891438,0.440976780816
3.56662477544,3.40250145841,2.67016899345,6.02167070575,3.24893181739,0.676392264985
0.878962791271,5.52113470059,3.41081953761,4.90392353178,4.60353768403,0.450046024684
4.33851707318,1.35950920364,0.687013694502,0.761072216746,1.69324141233,0.463969103966
3.81848648222,6.00242123966,4.26416595953,3.30204506308,3.34794928932,0.606249133989
4.83357247602,3.32270677263,3.28711415624,2.12391323637,4.07250307405,0.955442637749
2.21441133448,0.20870961374,2.03593834759,1.98968530081,1.63249250446,0.580427553949
1.25665598656,5.93659769948,4.12174849718,5.09460377532,2.53464415102,0.443949290428
5.24744066063,5.59894024992,4.07910732278,3.21277310011,4.97993585856,0.455884699653
5.11259649204,5.81920038386,1.58698029087,1.45927485954,4.44017097335,0.419190440583
1.54305419254,0.950999106007,2.60704860729,0.392986725084,1.65272706303,0.497830228635
4.47423729251,4.53302406021,4.72270680777,4.18074834259,5.2763906672,0.524455951974
2.29183937459,2.97706416624,1.42984548191,0.590562130485,4.94137103989,0.570069685046
2.53212805764,1.55215180933,1.5921515684,3.5318723689,2.04817162891,0.953646012966
2.19245476351,0.223460659728,5.16889361381,4.68970739479,4.55734164244,0.428342138315
2.93103713383,3.31689454483,5.5453455806,5.32229184131,0.590176714333,0.438899682002
4.88814588208,0.268772656128,0.383957596972,3.42566731074,3.42585293438,0.430460802609
1.79852886612,3.6113219468,1.03246227561,5.0121025639,4.50229905596,0.588446051738
2.2754443077,1.57313452347,0.782085330524,2.8085294456,3.31232840531,0.79275224507
4.25059460928,1.99682885842,0.934408970386,5.05650976828,6.03605749135,0.395508869661
2.10650787102,2.79364252317,1.84093762288,0.21746284055,3.76367467436,0.644743278762
2.94564012183,5.22126947505,2.03104292256,0.0858990698917,3.48045714135,0.510238075188
3.9557015188,5.13854639256,5.14256821508,3.15788734214,5.59784987614,0.457642927194
1.19715544101,5.52104154562,1.76000157258,3.82352685956,2.09118205094,0.56664795267
0.962659730839,4.6609399868,3.35321084856,3.48414221604,3.81974410205,0.772761158672
2.43139242737,3.79739499907,1.18378008651,2.41894616807,3.30471860818,1.03217441272
2.32836441443,1.03205149728,1.37306297705,5.98994756645,4.0821366115,0.45286479421
5.4845678634,5.07648441781,4.49992546109,4.5728706955,0.782428709327,0.397991162721
2.5167470648,3.6090597083,4.98381130944,3.2627533481,2.28158698219,0.987639589286
0.72427784488,3.08001042576,1.16714863587,5.29992222936,1.96543463939,0.502395803378
0.728877634971,0.27520420683,2.23664106501,2.38567106659,1.31751586554,0.46787174604
2.28831047634,4.24038704627,5.05585287368,0.790120395813,5.42285621066,0.454021408107
0.811816784456,4.68465595847,5.44703270998,5.10131572513,5.27380415105,0.354611266278
2.5460461597,4.70028941383,1.20897898393,2.43743053641,5.48926724346,0.561238082704
1.62140066132,0.0800994681936,3.42925261218,2.2622410305,4.81289687236,0.514363698236
3.90232737205,4.65128855627,0.414452640882,1.62413082423,1.212287269,0.492248646072
3.68029130269,5.92562545791,0.57975718859,5.09881934459,4.68706877331,0.368583429717
3.00765832807,0.41466693973,3.76983950575,4.51054555876,3.48711307972,0.675872702403
2.16759725264,0.44327392746,3.447723043,5.83938550107,5.30720357245,0.387364228218
4.29370836269,2.12163435698,3.41681467327,0.572389360244,3.11392008678,0.739359878996
5.40210306159,3.50461976476,3.86444106579,4.77924384285,4.36275292224,0.595422294757
3.1113495028,4.56761607859,3.34688424147,0.160036651362,0.586637706033,0.465552448833
0.799066699974,4.09456954182,0.551599139092,0.837626553804,2.52507015335,0.455824374901
0.463491033001,5.24825088489,3.2283922028,1.3238860896,0.696428980983,0.405573059558
2.75227714501,1.3061679653,4.75937736716,0.0752609540824,2.31289038131,0.498701868824
3.04032507157,4.37411941847,0.930202153537,1.54465257535,5.86464968818,0.46515636094
5.98098431212,3.89839638921,3.99470550636,2.18221742105,5.53650086374,0.438876995921
1.04170300902,3.66091800799,1.71455891917,3.59769463615,4.4855301173,0.741392226915
4.90101062629,0.0518470889717,5.44777093035,0.948227907161,1.50079409457,0.336084559816
1.35608558053,2.93010489382,3.33229646256,4.20330032799,4.11466510734,0.951640407177
4.56986570174,0.887251989881,3.8639389811,1.49672263456,4.26103534432,0.605157417202
4.42811042777,1.60691080465,2.40087211339,2.59331875206,1.71964302521,0.897355558635
1.27621128553,4.87353758622,1.85139973196,0.365068623192,0.69543555073,0.399125852818
1.26948395089,4.63142490031,1.01470433492,5.47636345816,0.186059234804,0.349061211383
5.31739779957,1.41322611227,2.31564961304,4.34071952689,1.96360407572,0.61621262518
4.60686819069,0.651315929677,2.61581261888,5.78287654383,2.5424625478,0.471705131677
4.30057592537,4.27328542892,3.95369961411,0.956465900884,0.977438137439,0.571785215849
3.98958729334,5.97460539626,2.65578504117,3.06720048422,4.60877249178,0.570167392179
5.86640512485,5.77828459124,1.17032336192,5.5287910562,0.812403152085,0.281982255521
5.64564462616,5.29351734583,2.11092238229,2.68460224003,2.37541606326,0.539383136437
5.42611064613,4.63603442593,5.4402406036,1.25839151513,3.3519492109,0.441024756609
3.7305769611,1.11774753471,0.378794100108,2.15699473718,5.31304041209,0.45437710308
1.03270168245,2.43392305338,5.71852219969,3.09358757687,5.2457861814,0.462248554889
2.76112420017,1.55152168072,3.25335997701,5.18460685953,0.147093726154,0.496748194294
1.70221788966,5.53915156702,5.66855196997,0.221486884422,0.290090421487,0.283154217565
2.13050900241,0.159633112222,1.65177947575,5.89868717082,5.52848062902,0.328547504065
4.73514858141,5.95507100595,3.84340228793,5.85964389197,2.14758081842,0.379381462486
1.60362441433,3.44527430824,0.774514435842,3.55417707988,4.84087620325,0.633037302175
4.89045147279,3.158968831,0.948831447455,5.81810918449,4.67802440391,0.424378408025
2.05298755256,4.13283615624,2.88138722935,0.623397590242,4.68587236379,0.637567086316
4.20856210516,1.15671715685,4.23723220152,1.59838051453,3.20548278943,0.746501638698
5.76467492053,0.347957547338,4.9376859132,5.41881088314,0.442994170318,0.279171244086
3.85968643854,0.273061391135,3.6632223475,2.09106791917,0.513754812508,0.484902758897
3.34531239773,2.40229885983,2.06281927298,1.93207868619,3.96179434848,1.18760623802
3.98620152729,3.6525118279,4.42946349642,3.15316066873,2.40350629811,1.13365909261
3.72090661088,1.19253494839,0.416191051131,5.19457395736,3.9716736509,0.47118670945
1.25613246659,4.68656148189,5.86004059252,4.93518123439,4.87399529078,0.379907735166
4.16354844171,0.693637615022,0.328456444498,2.39240978667,4.59233048869,0.460511598991
1.57929789697,5.02604215798,2.42950742758,5.37083766234,2.60641537343,0.580568944518
4.34752594533,2.22340006443,5.89656174069,0.655973594022,3.94058922917,0.450690586499
3.57566695886,1.55671209649,5.51812302029,4.49279921176,2.50833084374,0.616309876242
1.64251401681,2.57290466143,0.434235154506,4.64048680195,0.116341122954,0.406256127724
5.21756270716,3.01441384639,2.5576634688,3.22518352882,4.81334336251,0.743363133261
3.4378184638,3.86990436798,4.84048434716,2.07512289425,5.84589335885,0.546737651657
5.84234389563,3.33965746779,5.57889332317,1.64276027958,2.53374215315,0.456527763936
2.69336365813,0.740474884265,6.01735208752,5.97985328131,4.897147496,0.314637693576
5.07812716836,5.21169559564,2.75809363067,3.66353318535,3.69640694908,0.658155073806
5.13599135683,5.95005562538,5.92141678246,0.268129970286,3.85802113882,0.285720184448
1.4375051424,3.80481803094,0.886302265044,0.940444226232,1.23165210221,0.501865317187
5.85207753677,3.95539520311,4.17427451891,5.74900793647,1.22630196796,0.382715111949
1.60050244846,0.669277464399,3.45206120991,3.60471495176,0.222963946116,0.483726715215
0.681207565811,3.14421796242,3.42739374231,1.30623449947,4.99369180774,0.573923954098
0.147835329472,3.8347325607,1.11386798469,1.12160127287,5.717775394,0.35330944206
3.8115931247,1.90464736587,0.0630894687108,2.88881777008,4.99975506116,0.512943986202
3.12023497237,4.73478556926,2.52945310551,1.67803871427,5.12111804617,0.690032300927
2.38490286454,4.74799788122,2.33846146538,5.55965827416,2.7263718977,0.645236340448
4.04585470046,1.96138513161,3.63902786695,1.83289879404,4.21322185252,0.96016081519
5.4657324844,4.42421744397,0.520531087982,2.40053758017,5.23221564304,0.406534803569
3.69086858942,0.911937298556,4.72885688701,5.84609086373,5.01379511228,0.400290525298
5.38141361223,5.77410263407,4.15038859396,4.8674698797,2.04331351368,0.415060677254
0.691867677913,2.84926827282,2.86209312835,1.44932779525,5.95584223689,0.464882739473
1.67453935335,2.26325407379,0.196785432559,2.0126565691,4.01352240052,0.582759850411
4.2420996333,0.206568116358,0.526124074031,3.72276621543,1.80255528831,0.445982586365
3.47365271429,5.24446438927,1.76471151077,3.69917576675,5.96893738231,0.47412822448
5.28673955038,5.31304071124,0.169688934022,0.597415027188,0.937208431587,0.29746394638
3.66613666933,4.0775367182,4.85124220695,0.363234504777,4.86187778258,0.488972632851
1.58791811529,5.11999093118,5.91164447572,1.30841717368,4.07206938219,0.417069911251
0.130254467238,5.65225508854,3.89411165326,5.98112095233,0.76411105457,0.286077083484
5.25994842604,4.667298279,2.35872271491,3.70502901005,3.4398370327,0.7148468938
1.22711272288,1.77079537217,4.93009289168,2.91925943718,0.0593956722925,0.453864560009
4.1224115906,2.17640698163,4.86214270232,0.354917161735,5.75116646647,0.400463435029
3.03704536412,2.2791564355,2.90921948961,3.42610383068,3.66839254916,1.62402465697
2.0407056463,1.40933018452,2.20547724552,0.714141232734,3.94428005047,0.657957171614
0.113395008954,1.75222034131,0.805103700652,2.71973571877,0.186350337649,0.36098235956
4.18495929315,5.78627584711,2.41875441455,3.51553176159,5.13633140298,0.517196982931
5.49824828008,1.05511413498,2.74786573399,1.62662102956,1.13383112582,0.488850463651
1.38532138196,1.74049707677,3.22908941183,4.85774974504,5.82611741166,0.483461031352
3.37984580914,1.76988739509,1.70246519337,0.82663594157,5.81831750662,0.476020891877
4.74753200042,2.25024929347,5.70089193497,2.85616914765,0.306276956753,0.431264194021
1.99600029988,5.92506712735,5.56006524331,3.83594789551,5.92592158903,0.329187836058
1.39848223844,5.55120256059,1.3275768561,5.61504369436,5.17347560851,0.351704716391
2.78425279849,2.71124315507,5.3699376436,4.57725587693,0.114075102018,0.463761009282
2.48668502795,0.666409586635,3.38859136395,2.00516779358,3.4091144525,0.832140218995
3.29605602351,5.19685419862,5.30652985408,1.00960645454,5.41844517079,0.399290205493
2.12879120901,3.6180509072,2.68727256567,2.82473583385,0.488161267047,0.79498577175
3.83631027405,0.489218437094,5.12546347132,0.39444425761,1.81399772026,0.404587111025
0.806390123868,4.58042518256,4.45967799225,0.644712610543,2.09387844156,0.480566772309
0.949091332452,5.25097459361,3.63872082498,5.98556833317,2.6824000995,0.422019896833
2.50016923554,0.286312806242,1.8797093642,1.66236666369,3.12151147551,0.638039612838
0.171884288464,1.17485942081,0.173500782862,5.84586211128,1.07832187986,0.276929662302
5.6324893258,4.69374810795,1.43931972226,3.75175045642,2.80692180272,0.560635109861
0.924590715117,0.42669458393,5.99921566047,5.78860481269,4.68167228192,0.281461344428
1.86899765854,5.8487547305,1.22615942946,0.781168293667,1.29298468726,0.394039046659
3.31907446141,1.60236620733,5.56929907238,0.526239562153,4.75585814826,0.437464169059
2.49376144782,4.09010131583,3.88985651361,1.60762248828,1.04647459073,0.769738819047
1.21229319678,0.726806008163,3.48177917781,5.13505026712,0.119385269294,0.378046126728
5.26996173241,3.00661068861,4.00943272903,5.92362657334,3.30760120374,0.504695300419
5.32167450456,1.45810011787,3.15979846489,4.02149291138,2.9037566817,0.722236827499
6.01184679386,5.89211589136,3.09306493075,1.54848093263,5.04561996045,0.347999358614
4.39069582718,2.9917138843,4.27064486265,4.58455874083,3.84331529193,0.849570826902
1.04800779899,2.09478775258,3.61574059378,3.53734786902,5.64435985157,0.578362275787
3.2550352515,1.18607845581,5.22938414045,5.48305612895,5.35757509763,0.399213771247
0.130574964737,4.64726449227,3.60722136094,2.7999779205,5.35520350541,0.456562829166
5.7907055003,4.09704735489,3.22684734129,5.66627110104,3.26251229556,0.471233013023
4.30308626567,4.37586260785,3.82418778298,3.50023692708,3.16094446689,1.04750900216
2.91635663597,5.06914175874,0.0879027968149,4.39560297896,4.19785704215,0.472785897234
2.62788825309,4.55046235209,1.47700776463,3.15671726044,2.31870789045,0.966125211146
1.69027115333,0.640473151248,1.72599521292,2.71272227423,2.71901584668,0.710867185198
5.62497358908,2.55963968632,4.14004952912,5.18840454038,1.72745371515,0.505239205323
2.59252296078,4.02937878813,1.92130410641,0.216697219214,1.134666124,0.537187102251
3.99241381043,5.83060011311,1.59938755445,1.24997654928,0.774327502368,0.417099450118
1.12256901205,2.21951638805,4.54271803914,1.71040312337,2.9793304103,0.758876882608
1.41389378621,0.681781453749,5.42425484205,5.20613809448,5.25222768735,0.348353687866
4.22143370434,3.93794539522,5.59692590421,1.71712264228,1.93976976437,0.592223098794
5.31352531994,1.85743275105,5.64924034496,5.69439276337,1.69279839674,0.36173086901
0.130896889018,1.10175949849,3.67644083966,0.142080423982,6.01525115116,0.289418129272
2.66385488945,4.77695218555,5.10243502681,3.72386967138,0.528582584549,0.517526634918
5.4816141887,5.94203882816,5.90274474274,3.57390165044,0.996143169804,0.306892180385
3.04843234973,2.58182425281,5.38570153949,2.62573536067,2.44841405909,0.883930271534
0.93249798874,1.74980539313,4.18500153182,2.58332252666,5.40136633838,0.549995705196
1.46558873337,0.230544698628,3.92592225812,0.875976970976,0.54904467214,0.378783739764
3.25778014141,6.02853653818,1.37594292983,1.39947558048,4.68551863396,0.448859284433
5.3966183448,3.7930484117,1.52245813784,2.89840083336,1.76612185018,0.662751444498
5.31566272028,2.86031636003,0.0859911749079,1.66841626409,2.14498852124,0.467783457182
1.33789028588,3.11977558102,1.05658287914,2.04812269922,2.5158634513,0.787756152483
2.48662499778,3.82656167426,3.3777843971,5.61831460588,4.58528753783,0.646906389259
2.81577122016,3.00549209141,3.85697679608,4.57445408451,2.62977945232,1.19269850676
2.41468949985,5.23191305602,0.277213561261,0.21379149691,5.76050069205,0.30192405188
1.52224623212,4.99116482384,0.124226819087,5.02969647969,3.67746847983,0.416715347995
1.13302571205,2.42093626556,2.3366929191,4.6811481164,4.5955739961,0.683386890976
5.12844633913,3.39791618253,1.15194187682,3.7529707058,4.23771167112,0.65777205378
4.71043757271,3.07280518848,0.314865194753,0.0757849181502,4.86398624552,0.368102792053
4.05449342566,2.64955816763,3.89804757088,5.64956606107,0.569661026469,0.500801203289
5.170814965,2.94030214832,5.2986684273,0.768812100973,0.36425523291,0.371398899064
2.85776510657,3.20683956944,5.06970402878,5.89638900635,1.23216380776,0.479363354434
2.28360677921,5.41198198043,2.58048789293,3.33520537263,3.76534827107,0.819337187006
2.33506066777,5.01833236569,3.00669069065,2.001180383,0.803626131915,0.651994469354
4.5780418913,3.00636006991,2.55971157964,1.18836515341,1.33034951666,0.727068402111
2.24729590022,0.139830298856,5.60350871907,5.71987035596,5.72694489922,0.282810907982
1.69750982364,5.78759279732,5.67721351365,2.77406199567,5.69787108806,0.345254000489
4.76594625705,1.62722316223,4.86892192042,3.71167622292,3.04724804507,0.714047681505
1.61063341964,0.877438167335,3.3790380503,5.12701614442,2.01919939959,0.585979426093
5.76538411535,3.25997678004,2.2790083714,2.02420792973,4.99495433645,0.550455307954
2.15102101794,0.0504024185397,4.58373938073,0.25984805748,0.346731093152,0.317688345171
0.576871138291,5.52016869215,0.276770775029,1.21659890951,4.81791495667,0.321294272357
5.53294213691,0.225949822479,5.65905578974,2.20105173385,1.17409693092,0.331631309712
1.49063659982,0.164276779228,5.89263064087,1.37021158139,0.323556404121,0.298450652877
0.270803195021,3.03071790665,5.7708828513,5.22786465111,3.22128554947,0.397778822723
1.42714509338,1.68748232329,4.83927445294,2.20076693047,1.32007359412,0.623424607933
4.21350768224,5.9464236558,1.7501277097,1.88395023928,1.58616777344,0.500984870385
3.59420931072,0.220806720838,3.65267927208,1.79282509759,1.47020106692,0.578016431438
2.61503211066,3.78402812938,0.15281287826,4.78425150382,1.35656842022,0.506231823191
5.99120928917,4.5225667441,0.128682457077,3.71719172392,3.32412907704,0.397939777246
3.36247114234,5.85001503183,3.85328545868,3.66440093589,1.94042665075,0.643244365229
1.82954782708,5.50286967863,5.96710419954,1.46769292782,2.66446968744,0.418435116394
1.53793094252,5.11153947918,1.21602147319,2.07037596048,0.836893733493,0.492076247254
5.20919573621,4.0570644906,1.16689705035,4.24733890415,3.01407250387,0.628367660312
1.15559202689,0.911524220055,0.554387664797,5.92042190901,0.960067823407,0.318118985744
4.18994724259,3.42508374762,4.52861314899,3.28561933834,4.0205023561,0.994398329761
0.654567895854,4.50310607826,5.38551502739,3.22019671893,1.89539615471,0.507107161802
5.60307563637,2.24554337648,5.3656129791,0.306784169376,1.83371189296,0.376577315864
4.74093149551,3.44414777987,3.71018733513,4.03951249458,4.71379705205,0.784303739587
3.13717776162,2.41693456391,0.739426142647,2.04995947962,5.29070401536,0.601725299926
5.81006939264,3.47690570344,4.34631568574,3.31293503563,0.886261923574,0.512759718993
4.57957199458,0.219760968475,2.71476423576,2.90405290647,1.00730158751,0.518505755393
5.40228902535,3.18244319979,6.01766687634,0.643010741066,5.9353158531,0.293409417279
0.432663020732,3.10088177425,2.19673546395,2.05704268898,4.11768659493,0.695167513893
0.165824147146,5.25490210292,4.09643081311,2.19683754868,5.9773227581,0.346875136122
5.09411255094,3.70859860075,4.50076316501,1.83508370336,5.91162121581,0.455077532997
1.8166213368,2.83316797617,2.51621965819,6.04064945286,1.45250805836,0.546372198172
2.45726608923,4.04921577003,4.83509489358,1.51100800992,3.77840456032,0.794533741059
1.20047975949,5.95230891888,5.96976592446,1.92511205028,1.99446025284,0.357904619006
3.74515687521,1.84191373116,4.75028766233,0.925256990851,2.74469229181,0.697852774087
4.03889094562,0.738739116607,1.16671089607,0.322346590802,1.71269743114,0.427706487485
2.08750098377,0.185938666215,3.90438781229,0.123550262726,0.996886720252,0.372357118148
0.657672576893,1.83541710796,3.57976953742,2.24632880723,1.35935806763,0.647726705839
5.06384518839,0.633975949548,5.4627066967,3.4592826533,3.74581519205,0.461049779289
2.08420936451,1.80088055153,3.90800846179,1.26911300398,4.60914443971,0.730654732626
3.65059664122,1.08718250036,5.53961700137,5.14725820839,0.359867952695,0.368829260597
0.593115326463,5.52304920564,0.476140707327,2.87389116829,2.17954526719,0.412919657157
2.78802485426,1.11498005878,1.76896444297,0.559290905941,0.434794489903,0.441481176194
4.06163699076,4.51498863912,5.47661009264,3.57813803467,5.62178543224,0.459477239553
1.53705639575,2.63769803013,2.33122320306,5.05857777211,0.565589711075,0.559195764358
3.74871987232,5.145125876,4.40698095091,3.45455320966,4.84663767432,0.634580935167
0.940206287517,4.22141837325,1.12971750645,4.38741914683,4.99070746483,0.497007574902
0.676118407903,1.54287883851,5.84158119489,2.21659064942,4.87205978687,0.40458721835
4.18395179012,4.08805899127,2.5947100714,1.23640257571,3.61354234029,0.889950167172
5.88535745684,4.49294105764,3.12235682303,1.19035245176,3.72619235811,0.516227310287
2.65522561085,0.323401031922,1.32877729082,3.59578008352,5.61038908443,0.44953676012
2.06959390495,4.87909969135,2.013406484,2.5293736522,1.39716832249,0.759843980319
5.76616172199,4.38072157875,2.88486461161,2.49244423998,0.712067694367,0.498416381815
2.24342338657,5.55537129989,2.83612981508,5.09542050861,1.71537754221,0.550350885497
2.30199138154,3.30146351936,0.867120610563,3.41054759337,1.23285461863,0.745232955304
2.57703058439,5.25558104649,1.44254303019,3.80641342412,4.20490151273,0.675935478665
0.329233495419,3.40596199993,2.84792865745,1.34162410469,2.83257970507,0.662288290878
2.21651714976,3.09804373589,1.49368865266,0.151418163424,0.065602140329,0.406214412625
2.95467586753,2.64718240838,4.62988020177,4.85445708817,2.75268712373,0.886271924633
1.35807477607,1.58759732747,2.45226204863,2.77474312602,2.28576372478,0.947715418886
4.19415191999,4.54192160067,4.03303053287,1.6976687851,0.759159489915,0.602841581905
1.42817617347,3.97344688011,5.8354974878,3.22664893065,3.89875930454,0.577453456864
4.78445729657,4.01130183964,5.17824447678,3.26549645802,4.35768005207,0.630296390507
4.45337720345,4.88707755342,3.30088146344,2.34129603819,4.46322672281,0.749691502237
3.50906562114,1.24205972785,0.815869338643,2.60430542554,3.37162895809,0.745455841058
5.28615959418,3.21251195471,1.73554997938,2.76301696052,2.96826731871,0.838385387812
5.34517682214,1.37993981645,5.05442588392,6.02673142441,3.96045860352,0.36458163921
3.41435445028,2.65532963073,0.157993382585,4.83999585245,0.438954280838,0.428963093937
4.25293834794,5.43494385158,4.2175139044,0.16252668426,4.91677288159,0.389007893145
1.41758256137,3.24964601893,6.03584563271,1.72734268758,4.66388630447,0.472346451946
1.78306774226,0.532098482289,2.91865590482,3.91424207423,2.48989216434,0.731308087578
0.547691283903,3.10527288201,2.81899756194,0.202395963105,3.99394803293,0.503215969203
3.52626655077,3.23539174846,2.00332813654,5.63787797087,3.38568511203,0.7444423421
4.32213937153,1.30412343676,0.468360724969,4.58685814076,3.07653168383,0.538873728019
5.90820520878,1.96032092988,4.73531240667,5.11151408599,0.0900010548735,0.328121830626
2.75844407509,5.22439240739,5.81825054287,0.188544746693,1.64111940195,0.361015468913
5.64367647606,4.62881317458,2.5506668157,2.44194530452,3.27510551252,0.656552860955
1.84335406286,3.19185823875,4.78923321635,3.7548840898,6.02091302496,0.518893956265
0.870199027517,5.99760809237,5.88716598444,1.80108948117,2.77695559609,0.352801270622
0.75928747697,2.44609111856,5.32990209448,5.40270039324,5.66360356577,0.349359568094
2.78968360042,2.88939679359,2.1639378855,4.16558933074,4.26666577035,1.1469854281
4.65162214063,5.56668711556,1.26206053016,5.03599802349,3.24691145447,0.464200287466
5.21397716368,1.19509854124,4.18616570178,2.72766043683,3.72635936174,0.659277485085
2.31642941818,0.225989569493,0.693714985621,2.82187215275,4.26967853961,0.496890303948
5.2076220572,4.24098249575,2.20147726963,3.02489169188,3.49052650451,0.813503699269
2.01972926283,0.473443393332,2.42008997683,5.17874458717,5.64577432972,0.409370248876
1.26734287998,3.10955469248,5.15957741249,4.85974417155,4.56893070579,0.537690216511
3.53441219808,2.38229438025,3.97113028312,5.82265167232,4.99678061899,0.538655364381
5.27684412037,0.611849415315,5.22569354722,2.17790486904,5.01388271784,0.391044178963
0.461517031487,4.23893163531,4.15827146622,1.29611862818,5.60357036702,0.416627945385
4.63371803565,2.09850788945,4.33202555068,3.06795222998,4.475541138,0.803997225381
4.52370937182,3.31774439808,2.36305956655,1.13922069538,2.19441333662,0.837533959728
3.72912071556,5.75071528241,4.07911952295,1.04100676954,2.5703273622,0.54690163983
2.34871022434,1.0894211962,3.03289415201,4.57015297409,4.95549405204,0.650833657845
0.544992183511,5.8941695319,4.387204548,2.44861944077,4.34530086218,0.426594370005
2.89325730249,0.809540605303,4.71320766087,3.83263212398,2.99519758725,0.744164660556
4.17087985513,4.85081461376,4.02978651338,2.08924324861,0.209815712156,0.51357003924
5.05261513757,5.58181893465,1.52846068211,0.838877009493,0.826546454987,0.364447441141
3.57040853393,0.590051347555,2.81429819766,0.908961494172,3.00951185824,0.643490868125
1.05012713104,1.73211030776,2.56209774091,5.36595868259,1.36511436482,0.529887836079
5.95585474959,3.24716293328,1.67309241707,1.71848110085,4.88479403768,0.481844350535
0.131949513616,5.22421044847,5.26838410678,2.97033341284,1.46871203903,0.389649125391
0.609514069801,1.82097763855,5.91846353472,5.71272509158,3.52892541418,0.353849708939
4.52994957108,4.81266967416,5.17759329976,4.12353718829,2.41703470988,0.589253872822
0.441950865886,1.15244230623,4.23320792652,5.14403062748,4.21659963543,0.443363256858
2.38356055137,5.12658762626,2.48277328144,0.22929590847,1.31415039478,0.48335363765
0.628147484315,4.75147516464,1.29233461335,4.38427677737,5.43101840358,0.409239927847
0.288680012848,1.37695690231,0.234543582919,2.5731444559,2.07219894961,0.42236338773
5.64713733391,5.70927893451,1.66015484718,4.55950566349,3.01056143299,0.424180261757
0.224825327379,2.82549334034,2.08015014871,4.68320992174,5.22796202127,0.467832291501
2.0465682186,1.80929579581,2.77692711756,5.7441952888,5.44724460545,0.478556273444
5.38150284699,5.43472731587,5.67969248141,1.02295032649,4.53317393121,0.332894440613
4.0591227329,0.451960652854,0.177930974482,0.997960037655,3.88516958614,0.39416620971
5.85238345355,3.24955045157,2.58927884717,2.78518285019,3.66071286744,0.722034873085
4.15674510392,4.23651610795,5.948915085,2.9899626456,4.98311378462,0.487900731967
2.7009317379,4.11758152189,4.42966773399,2.92680538807,4.72679253453,0.879542284524
5.50444896051,4.78023748309,2.06166517013,1.30002208322,2.74064882857,0.54707078275
3.86715304244,5.50937860878,3.97994363657,0.472846481826,4.0765071414,0.486509162658
0.80493759398,1.4117789807,4.37999212905,2.51518794701,5.29676853403,0.506192975582
3.05999704885,3.73971286435,0.142269719805,0.563904487128,0.621480483893,0.395111466654
3.44424300778,4.89701281193,3.59828413798,4.58554354567,1.73791759175,0.754104949056
1.58031681155,3.69463931619,3.22400300853,5.29502803189,3.83502251562,0.740049055166
1.25921173493,2.429492848,4.57237623245,0.335069510856,0.604363455172,0.422491447505
4.97741747329,3.48238682022,4.96123955259,4.39545847697,0.637728230598,0.487401410392
1.78853785296,2.90301544205,1.63578182043,1.97140880596,5.68121317589,0.602952960241
3.37563636333,0.856097710076,3.73921052286,1.86654910418,5.29526713708,0.593936593951
0.186551919044,4.09939037898,3.34753268774,3.89659221073,6.02960914096,0.412756871606
6.03303170161,0.471664707724,1.66038291751,2.57366194369,2.20200931003,0.430943689975
5.73823159282,1.34787098418,4.49264073244,5.62621562431,3.42591909905,0.407600369507
0.0505144652881,4.2339932719,3.34120256733,4.31730024114,2.56992713192,0.579412340297
4.27393349412,1.22781109891,2.75497024091,3.45637307756,5.23169672331,0.666118394289
0.263121323158,3.28436219975,4.85297347537,4.99480174975,0.276361658556,0.364932640356
3.71632897996,5.02594724332,4.07638470886,3.66593224907,3.0145725133,0.891275796758
5.68271010336,5.97823158125,2.25734543928,0.343592540216,1.07255389008,0.308738391775
5.0669372988,5.4214250723,3.92076764122,0.929769794076,5.19170587351,0.398839059766
1.0661911353,2.53949864081,3.56347544735,4.90580861334,3.09539748456,0.774569941955
4.80427725877,1.1213864733,5.27409387876,3.56816156784,2.87760486784,0.578238692908
0.691015657924,2.05525090488,1.89322781313,2.41522282446,3.82850611997,0.741988878477
3.1519829933,2.2573454661,0.15006932872,5.61080453682,0.743638779437,0.390560836572
3.72712636671,4.11587110781,4.86686802016,5.85439138246,3.35170670361,0.539655940702
2.36491952662,4.23158573741,3.50331251772,3.1185513116,2.02585799543,1.22903554411
5.89883188742,1.7947507722,0.750942280266,1.97087793716,1.79045661154,0.445708273667
5.90492087599,1.31239082692,3.05712764049,2.88937113664,2.8292507275,0.612323088733
2.63116502773,2.45431098217,1.68262763724,4.9144654457,2.64468182252,0.912349270526
3.82948847464,0.121423483156,5.95241734122,2.96537204128,4.6718803233,0.392350653802
2.62188409152,2.52514004777,0.590900811013,5.62074203491,0.762199149908,0.433872156741
2.49782919256,3.35570388057,3.50096880676,2.47370304247,2.52568547899,1.63088683922
2.55634547194,1.88519706148,0.842642616408,5.82300865774,1.8079266239,0.488180595451
3.789382332,5.28580539243,3.46261836137,5.45356433433,3.17125071982,0.584407382511
3.62535622477,2.16584237969,0.816362638124,4.88073400207,3.79491609387,0.665592247498
4.17702622417,1.88397479274,3.41611984211,0.415106639412,3.89205288479,0.65438641827
3.93343840103,4.60522477735,5.89740522868,4.7284341306,6.02826741878,0.344816896918
3.96806419453,3.43042775027,3.10705909143,3.61004722914,0.981307792939,0.945076516236
4.83800790909,1.49397704457,4.79586554033,2.98402234887,2.89833955222,0.720352036135
2.48839888342,2.3091993808,2.83698926245,0.391617276703,1.37200275941,0.657049686864
1.67214577821,0.480425410606,4.3894676326,4.25259396077,1.16284599365,0.500345245187
5.24345570774,0.0528937539194,5.86000119483,5.19393042331,3.69645842175,0.310592567491
4.27746415506,0.620084166529,4.53018164812,1.36162000521,1.67089348799,0.523884330743
2.57840130572,1.36530538851,0.340962391277,5.99466872794,5.21131939905,0.347482505789
4.06158292104,1.06309668238,2.21240018401,3.10659104581,4.81145991224,0.725078250533
5.22786535931,2.92544341334,0.402338848455,4.14391601474,4.62720667839,0.483719650287
2.24863496257,5.40351029762,1.88828252773,4.92070224361,0.869018716883,0.480595817796
2.85039776621,2.4984099127,5.65729107865,1.19462790016,4.60659020291,0.550186050869
0.178366586814,4.15547140084,1.64891929473,3.74122476152,4.61811925762,0.518406746207
0.40617002399,5.48398640636,5.79326130793,1.25396290177,4.67474902337,0.316918226465
5.88616963769,3.96850968846,4.32725719028,5.17127744436,0.553641888206,0.374129518534
3.00806010562,3.12962167463,4.65098617523,5.48595353789,3.48813417617,0.706171697515
2.92511835031,1.45470322061,4.52091709577,3.49803313296,5.37940419501,0.640354929379
4.57728538574,4.38007687098,1.05715580208,2.63941210632,2.02651877622,0.702011826884
5.55648073759,3.96456304573,3.89829604709,0.979553614465,1.03675294309,0.471487855814
4.08046709757,3.02231161949,2.71497773992,1.1856555902,4.5885280462,0.828884184402
4.79878311199,6.03717014168,3.16125960433,0.102504000453,2.56463110519,0.383567111111
0.161932857546,4.1891652288,1.42825644979,4.18412177093,3.22960391596,0.543656155779
5.36230009456,5.96050050834,1.61651344965,2.36132774218,2.13451619299,0.446109433806
2.36143222351,3.29737161594,4.1867720724,2.96240234293,1.68755825346,1.15894414094
5.96432703573,2.46679355437,3.37966770166,5.23121632357,1.38003609434,0.458330834106
0.804665724411,5.55016131283,3.70040036734,2.151550297,4.13074170654,0.531580685362
3.55797821073,0.775299940575,5.09647377565,1.66183031423,1.71522648949,0.552572480395
2.7257722314,2.17350079059,5.0732678476,5.52614814126,4.52111512358,0.533277672487
4.64671581437,2.14010511259,1.38978701525,4.43312978586,5.41477982474,0.528292698789
0.741808341231,4.27006870007,2.61763543445,2.48514413612,1.18697028468,0.648893051622
0.461201337179,3.56259617513,1.90505183078,2.03712297908,0.625436526084,0.512121704398
1.30144929371,4.88814824497,4.38785082442,4.17753385853,1.7635202977,0.613806613019
1.05744383733,4.42169047942,2.20901176641,3.63537050498,1.0594954053,0.641451449214
5.28523948203,3.17232508196,4.93573448563,2.00095412928,4.15702827311,0.61214905917
5.80612538605,0.704845158234,4.61846889268,4.30026937994,4.99551891469,0.378296191383
5.42770105055,3.98480963068,3.73475984203,2.33226377954,5.67451720157,0.499940798346
0.75983373731,1.71635930951,0.315454126592,3.46635776091,0.234640810907,0.374005623874
1.13696907835,1.86329913446,4.63299699902,1.04996103477,2.00622035481,0.580723390403
4.16194267014,3.47339129433,1.62433327845,4.66539778845,0.669728723862,0.599866240776
5.10936039893,4.60914696911,0.89900164563,1.79121485128,3.84471554944,0.536836218546
1.38967244555,4.98428907814,5.26585303861,3.90125526593,3.48657294123,0.564535998121
2.94967825197,1.43644073114,4.28821275869,2.62965647934,2.43301635579,1.04543822081
5.78081060348,1.8635182982,4.057904197,5.86715501184,0.190347436964,0.319914161166
2.54460279722,1.68193674036,0.221728001804,5.8088658235,0.120221633571,0.324187745056
3.06067892862,2.53649752127,5.92319120949,2.20571900687,0.646604256166,0.501682715303
0.928871271373,5.217396878,4.72331228738,1.57008406668,2.94717322508,0.52019180112
3.38490974399,2.71288635499,4.68012454987,1.81009276116,5.41631753823,0.653258409688
4.83647991004,0.73297292765,1.65494850523,0.246779717663,1.6466797189,0.404319238324
3.7480129573,4.56722046018,3.06943383969,4.83807784036,3.54808286894,0.854741079281
3.08982549729,4.65755154071,3.02131970717,1.51455503261,3.13717099919,1.00186719049
0.497808317127,5.48762559613,4.95438907062,1.72523330385,0.295623742489,0.331042935151
4.9093800441,5.66232512994,0.638711939974,2.41702126955,2.19973009745,0.448638020148
2.46744689685,1.10336073912,5.05530008811,5.08440117973,2.30132005434,0.557475945896
5.37701893209,1.40733801787,0.135738068218,5.9072673449,0.179959202667,0.264580914499
5.90521816046,2.09338456343,0.897996787638,3.14526803376,1.31271857608,0.464065483301
5.42950837416,1.38295282263,0.222471356199,6.02927374229,5.71718174251,0.264609109216
3.69475784077,4.5204196817,0.273296493012,5.31403326029,4.19350293597,0.454370404862
1.84128700638,4.16942053284,1.63261432716,1.93636646737,3.33069792501,0.924164778323
4.81630251037,3.60345805879,3.82458552961,3.57079054748,0.717101542572,0.672021109116
5.71319085206,2.94771471696,4.71414380722,0.970478660903,1.6960947754,0.473450033701
2.87210508153,0.910439180471,2.47103139474,3.41494196853,3.34083542144,1.00494685736
0.473841138573,2.50408199367,4.0702500467,3.1661478443,0.666545209507,0.54808140626
2.54952847587,5.65653085106,0.30974369976,4.00373275245,2.3284139322,0.47718877778
5.62543964014,5.24423252856,1.19822612498,3.1851725878,1.81495600828,0.462651953914
4.29178199993,5.51645999672,5.97181829584,1.53898325552,2.72106928352,0.415880861405
4.97267199307,0.804552973989,2.03094757247,3.4778164741,0.749797373625,0.501449050202
0.0560762507857,5.87921040829,1.09055932096,1.64496759871,0.418200075044,0.293218097193
2.85304989302,1.19108073096,3.98506276929,0.907153168905,1.36427599856,0.612755131057
2.5538919817,5.76484521873,1.49599255221,2.67144139564,4.65531081509,0.556996800198
2.45218949954,3.06590582783,2.01834646245,4.13087557173,4.29652601302,1.08366514194
5.88928971184,0.542574536988,0.872032441523,1.31811764008,5.14937970336,0.318839503209
0.926500363817,0.0581488858405,2.87733019814,3.9766115735,4.92290454374,0.442081398548
0.934084300464,1.88512859076,4.56034893212,0.270057507025,0.247690908808,0.357482132262
4.13573359472,2.8194637571,0.230783293403,2.51665250568,0.704481868026,0.512976415672
5.36988978433,4.6440592025,1.84329934574,3.10941063018,2.36419289589,0.663416544154
2.02229427529,2.96211091466,1.44205875122,2.9124451747,1.1320976205,0.8416622725
1.67534801555,0.115371294435,5.2612384798,4.56483983275,5.44080001793,0.349708876475
1.36970463846,1.63149241209,0.39020312368,5.59615030806,3.01313784616,0.433240184266
5.511820156,5.08043942173,0.701617277227,1.86627181752,4.36550064236,0.415455554523
1.66827338845,6.02646178004,4.97490619591,0.767574228454,0.196742137744,0.306042497335
5.51944610753,1.28214223865,5.31566161955,1.1386681626,5.65834303585,0.331210531964
1.38803094857,2.22813846839,5.06540160333,2.60992736019,4.9384896431,0.610873661478
0.254400355126,5.60407569908,3.03105894725,4.64794835279,5.89515059446,0.328751382282
4.93669169379,0.1514807796,5.91143420082,1.02374293354,1.61202451128,0.320786789689
4.05860353097,3.02177872373,3.23520221969,3.61639282695,2.38264037928,1.4414396024
4.59438691143,6.04504785254,3.44943911401,4.77641163771,2.57373931136,0.491310726491
2.75891687468,0.353009211647,3.79165582594,4.40797500251,4.19543565946,0.621007686076
5.27465381017,1.50156751849,2.45535678915,3.53048843014,4.0418134502,0.71008710494
2.77928757713,1.79795932204,2.68239719949,5.28573463676,5.38037891836,0.571909827711
2.70158779261,3.4583215068,5.41619827018,0.378325753859,1.21907816181,0.472099375931
1.23131042205,0.444564695523,2.96408333771,5.43644137905,5.33713956593,0.383755324443
0.568879076763,0.751743242568,1.88904011416,0.871561380415,5.17471755444,0.377944851929
4.80832518585,1.93723227072,3.26386382585,1.03175821517,5.99258296062,0.448457283217
2.26566447851,5.21773135728,5.8635279041,2.55524891605,0.486155863664,0.397225949429
3.31769385404,5.12673060272,0.189645014441,1.52383884346,3.82255111359,0.490733728208
5.48013089262,1.30046876448,2.41725328734,0.679612855673,4.86689607234,0.430134410919
2.09737291181,1.98077402752,0.536700542722,1.37024472228,3.17606911309,0.6406763879
2.33147879719,2.17181874748,5.35620990175,2.83325435273,5.153801602,0.611576083158
3.80726919425,3.0060126616,5.00350250168,1.03153366229,1.25662927643,0.603138375744
3.65744307058,5.00188779909,4.86224223226,4.58871924076,5.46384023487,0.4650671807
3.59764361113,3.05832618497,1.24393683239,2.72663964631,2.56965803439,1.14886303527
4.08362137719,4.24443977319,1.06378476783,4.76991120058,5.78930882602,0.446735214303
2.50494056103,4.13806797511,2.70009963251,5.08246689271,5.48389877648,0.583544819707
1.89392068512,0.622192152282,5.18309912508,4.59713027439,1.1434432468,0.441677940824
6.00529411271,4.7808757544,0.931894265114,2.65553872997,2.54562894572,0.458600333895
0.359251050889,5.46029058276,4.41372651704,5.58730512066,2.61246705314,0.372168675612
3.64491099781,1.31456238881,5.96699056175,3.46177711083,1.25791960615,0.49242344173
3.66660596089,1.98509324081,1.51432836479,2.72907443823,2.0032146889,1.02578820667
3.63663218992,4.56260412149,4.70089272149,4.45464267786,1.38861958261,0.647140270087
2.48962661772,0.503762171095,4.07369573129,4.68481884207,2.61015028851,0.639586401912
0.867265325546,0.602665240911,1.11756537848,1.11399031099,3.24578328319,0.445299950507
4.90600534316,5.357695675,3.7093342666,3.65897568004,1.32005691803,0.557065882747
5.24409925602,1.38363322189,3.03350905236,2.09324691548,2.54902964473,0.731244244717
3.11610120542,2.42285394307,0.498608186222,3.0088591716,3.08422985815,0.861273681668
0.380596255001,4.81465172561,0.471410240487,1.16357364896,4.91751334805,0.349683090023
0.486535338584,3.89387966671,4.65815652871,0.861427941027,4.71152933314,0.447050617494
4.9328232714,4.3959511732,2.47255422386,2.68102007178,0.133105110117,0.518577547271
3.82178142996,4.97084174009,5.27608961774,1.033138333,1.41282359005,0.473310055339
4.07701535473,4.28349049015,2.83146335912,4.82350812708,3.08040434771,0.895466687845
2.74887888063,2.21709007338,4.45056497305,0.376474959844,3.00434869985,0.681986304228
1.7203030933,2.23126653247,6.03347639514,0.0651490400605,2.69813132292,0.397851138965
5.59821262318,4.07435437811,4.20934106806,0.173395472929,5.36275329924,0.357913031155
1.04563788526,4.71361678599,4.79110823638,0.718848200411,4.09641916745,0.467948543009
4.11880513482,2.88999811752,0.52328186192,0.0575444840163,4.1144734774,0.448469635327
0.557369769654,6.04202590726,1.94251712478,3.34439449214,3.95596664925,0.447005010437
5.72053617604,0.318794860948,0.259120207542,4.11339643479,3.26948570217,0.351928356254
0.100421242485,2.75009260318,2.67670175235,1.6314971358,0.644577922541,0.476296039558
2.03747356557,5.56273692326,4.13986186976,2.72387656107,3.8963723378,0.681519694233
2.79214082598,5.95472810914,1.51937544657,1.72792935983,1.16507766143,0.477304723485
1.52053453528,3.17752663601,4.57052853188,4.61141179348,4.32249248334,0.712629970782
5.89416862879,2.67469482583,5.69903742456,2.27004433751,1.42080827434,0.420282491731
5.51953792415,4.16212099755,1.57604685314,0.353758259964,2.99969329727,0.460217963741
3.80652101463,5.72309780385,4.93847293586,1.26412638192,5.56748529202,0.378377209633
4.20744602058,1.94011066572,1.26572439463,0.218246977625,5.02507550965,0.445869565125
1.35531488454,3.58816370362,2.99902135557,0.366130191676,0.575782578843,0.479270889384
5.57899698896,0.604601864392,3.19285497854,0.35663750457,1.22341913423,0.362713678142
2.63966687459,3.44365104662,6.0285741889,4.20855808962,4.36141757395,0.561387804198
3.80670794504,4.20059604203,0.683351197593,1.79492886983,1.10225986954,0.571014691173
4.72359820195,3.37106075333,2.14306706567,5.22133665616,5.67857916402,0.477282913681
2.72829799137,0.814006306865,5.13975932306,5.69167138491,5.7029281175,0.345043230834
2.71565525499,0.932772065513,5.64208526136,2.31827195891,4.7555644576,0.502976173337
3.38217401795,3.95163289254,1.219731322,4.3225628804,5.46109169355,0.58729687646
0.494502353663,0.748313576855,3.53603895961,3.33658315388,3.30555804749,0.593767745694
0.184348013038,1.63910113805,2.26842889036,1.13124377798,3.1918621109,0.530667289188
1.95785070115,3.18260935942,0.28285336803,3.67569891038,6.02688226668,0.432509256686
5.14444188403,1.05908873234,5.1021684058,5.64948049511,5.78069111202,0.307343642844
4.99958134283,4.66788782319,1.69963841623,1.15326619184,2.04646024134,0.562088920698
5.62894440729,2.05073348918,3.62005327873,2.20556032782,1.90838503243,0.665793176921
3.43965950538,4.14475585132,1.34354026627,3.35110674378,5.42147022097,0.656408349113
5.00503282542,4.97357359033,5.00069153557,2.0851132406,5.40158104973,0.425124423384
2.00075819308,4.81531624296,3.78579695995,2.89787675268,2.46632747581,0.979761110633
1.29399062042,1.03974512715,4.02109865301,0.0830802972567,1.6185407593,0.430801259307
4.67842461314,5.48633947724,1.42882369787,3.73093035798,5.76362585446,0.405852799947
0.74758444881,3.0747607114,6.00872140047,5.20916932872,2.70544856765,0.414962569034
1.14165363386,2.50229197878,3.30601668599,3.8871945768,4.40090992571,0.866215333708
5.24352331371,3.61011252838,3.78251500886,3.76160778997,3.6897981773,0.82823747481
0.560884376055,4.719264547,0.672936857155,0.0836894104319,4.32803616291,0.337964277751
5.21656317014,0.482665180631,0.826260673392,2.2538028387,0.404516249182,0.353749194011
2.06383653219,1.14343430766,2.62178816881,5.78418108326,0.430891298994,0.41984584049
3.72304638023,2.34502602214,0.112107177111,2.37653150194,3.9537606031,0.641433354477
5.55868597551,5.94026836527,5.38495975699,0.0891495412481,3.43375230493,0.289508698561
2.34664317003,0.722506338966,4.90834064525,4.96119240004,5.00267412487,0.452230940252
3.34199042932,5.01143148138,4.51174341858,4.38558517504,4.37015856335,0.655937153356
1.98476431318,5.32247706221,3.91484940485,1.6354750684,2.48897700857,0.695186680559
5.97654661745,2.27040727574,3.76217636292,0.898947679188,5.45174866701,0.393723411024
5.0708754256,3.9731328532,1.80117607092,0.230491996554,0.629487819242,0.40060581259
4.03459833672,0.159408511051,2.75362767441,4.41645436686,0.256403600455,0.421341499315
4.7309957626,3.44801395854,4.7515316332,4.54585856088,4.48005397962,0.63110736911
2.93706609736,0.466043732605,2.97605166986,2.88684980431,5.10372897757,0.630360143714
5.98432743259,1.63699978187,2.73716216466,2.99891085198,3.8308347297,0.605204110875
2.75114276886,5.48262753859,4.05934958896,0.784911480025,1.92471356913,0.543169804532
1.03654232608,4.68558497347,0.901568535661,4.1617998941,5.407813812,0.430160742895
5.45740439215,1.14258782199,5.67584304782,0.635564885392,1.20393293084,0.328241619891
5.93873204186,3.01501578246,5.4275164096,0.597496733862,0.0948416140258,0.296373796087
3.57534371879,0.419824435966,3.65292145987,4.69629762741,3.29457849397,0.650244317331
5.38201696532,0.37111599072,2.62974841218,3.67554374585,3.37056189703,0.545976767239
4.4765932578,5.1546906209,2.29088998266,1.80282598572,5.7102095138,0.473836690925
2.75231985214,5.50125050709,4.85529631397,5.2273853627,4.74329651405,0.439366302279
5.2638140452,2.05691651024,5.26644994649,3.23757542383,1.9175755926,0.575402447389
0.473492556853,6.01728504028,5.37117144961,0.870601497268,2.60243620944,0.324653211691
1.48154457328,4.34479979488,5.76403582485,5.67493404387,2.48002172048,0.413569428628
5.54797651181,5.32432347751,0.104759563118,2.00553396648,3.12256767906,0.380502060055
3.8737058556,1.41325088595,1.52219147036,0.332533308277,5.87244418479,0.3871262427
1.32300951329,2.55012026307,5.25549120298,4.82299185802,1.0010624859,0.489692464859
2.81157928572,3.77434645474,1.56536777718,3.92650000888,0.566976927735,0.691023496685
1.50296009085,2.28877953812,5.73801588187,3.33296773013,5.55305023064,0.457192453509
0.686745039171,1.64643755574,3.19888598617,3.42194374211,5.47272916942,0.540094991175
3.06899763831,3.07424813679,1.7180613573,4.20433830467,2.86870732556,1.23132864618
2.35255844023,2.26614949977,6.03915785351,4.80332385206,2.47907668876,0.534258366786
4.89766392936,3.23626343358,2.47468787856,2.3066776402,5.15861312085,0.710570035773
4.47840613385,0.244296728634,4.9612358989,2.89242909352,3.51263918997,0.529089278071
4.55925954272,2.36777787091,1.27257080468,2.41917519795,3.11897685714,0.895534173546
4.02384576958,3.61852794964,3.09998279209,4.08868337361,3.63978772512,1.24449414567
2.59669229613,1.62441607629,4.53190121935,5.59109121215,0.417089536,0.438850760671
0.970672427729,0.692210822407,4.54447266194,1.7809508617,1.73065099946,0.501837105855
4.8037637202,5.54875891642,3.47736254975,2.88114250627,0.250604261563,0.443440994499
3.12724176785,3.17728313749,3.29113171642,4.38041870689,0.177726051844,0.666526096339
3.95888343517,0.490515841485,3.24374371646,4.17464169635,4.26867625621,0.65506323715
1.27349832708,4.88163257609,1.72521987783,3.30819263394,5.09010656353,0.5678610514
1.43782257475,5.36768815778,3.37257569453,4.20952365241,5.85384489143,0.438740115139
3.97928806853,1.33993790252,1.92280062794,2.44355822113,2.92779961154,0.98135329378
0.629870067048,5.02388583805,1.9681240333,4.24606472977,5.11504470772,0.458621153578
4.1239582457,2.13374545932,0.450504257137,3.85960273605,5.52888416401,0.484313577492
1.28492231824,1.2263564394,0.524086528885,5.33146978524,5.25961374274,0.360242796884
3.41015377248,3.92597668626,1.93765229717,2.98621018499,5.360389269,0.78580093897
5.19520109456,4.23802795281,3.94379233236,2.16950820777,5.03510990415,0.585694277993
4.42858090139,1.50563884268,2.93960197441,1.78963340043,2.70866409202,0.923576748737
1.73426252554,4.34151758271,3.6083752237,4.62025673078,1.74002663417,0.770140367325
4.93557073081,5.32037639127,3.42108570202,3.40437559316,4.84434583317,0.559502378827
3.69996483986,1.78986899105,2.24767396512,1.15119407093,3.85934401083,0.856390374501
3.85420950759,4.2682520897,2.07801317398,0.612785836627,0.80060987479,0.534065206667
1.65808757348,5.84471841469,2.47121074778,1.65572461152,0.502259154053,0.43069001343
0.397451834278,0.736955712132,1.5953663071,0.741309492558,1.24906310856,0.369889718939
5.88640926652,2.56180989682,5.66575168126,3.08792269402,2.11755146258,0.466939583282
4.01046114582,2.46159343044,1.48053506034,5.19047792868,0.543339279611,0.514057876086
2.04743653861,1.30824477602,1.28686321331,4.42312354361,3.56631114252,0.711731641586
5.59157685478,0.169792026849,2.14446156793,0.569169388943,0.602248844446,0.311366995462
0.244353339251,1.64399894072,0.332886384614,1.22881648678,3.88539400032,0.392667546101
3.84852321136,2.86000206017,4.89294116259,4.34409440698,5.86906983452,0.516503079159
3.14836780579,1.03568349679,4.80855672721,1.30198865306,1.1975660048,0.546943007866
5.98233009988,2.63222770801,2.85537633696,3.94464750327,3.43794090156,0.660736930393
5.48175558577,0.761405513149,3.47624596491,3.54616769742,3.56122320656,0.587872302873
5.14445775969,4.01173774391,2.16389529655,1.98622650733,5.47328894171,0.541527634059
5.88688372644,4.57805926293,2.40153593081,4.37888677711,2.99104767182,0.552976937534
2.96809210087,1.08233678285,1.30807484314,3.40964406037,1.53186930886,0.721278142802
4.46256203121,1.99050390986,2.10930005983,4.02245315017,2.71267018385,0.9921141507
5.96520393278,4.61817370707,0.641964915165,5.15472698114,3.01953434159,0.375735315079
0.520280805263,5.2123179239,2.861180734,4.98341219978,1.04508624111,0.419846295109
5.34941385721,1.74986524074,4.47940097315,1.13957611055,2.7671526299,0.562220853239
1.59717445623,0.322980979651,2.23144732033,4.75035442738,3.22175802279,0.560602824578
1.89087261035,3.78887255335,4.63946789133,5.76261864449,2.89742328597,0.581973187452
3.02396858427,1.8325972225,4.45567284518,2.36147687148,2.34305422027,1.07276837715
5.40455496448,5.26134851564,5.50188496216,3.60118602621,1.1759387483,0.386942484423
3.83276637529,4.67052734682,2.73675246733,3.94064139538,3.39643972975,1.04216262646
1.15626448778,2.88258350019,2.87730759124,0.191196629785,3.12876875022,0.612213970003
5.54329853554,1.26860723607,5.72799231321,2.94515806678,0.730185141842,0.369506852934
3.8084343337,1.31505478986,6.02664978026,4.85761482663,3.78383160473,0.460440343463
0.0972437609313,5.39600132304,0.785289113704,5.56738001542,2.71756388591,0.325277608532
5.17388833454,1.14774082859,3.46761045324,4.95563541119,0.676251706486,0.442485119192
0.950941601625,2.71446298959,2.41139433109,0.993466855649,1.1740671214,0.588691201715
0.722441615566,1.77414880718,2.82539086344,0.803241466062,5.68213942821,0.421228365201
4.2160988542,4.70879344479,3.6590581972,0.3082712588,4.36966142777,0.527576274421
2.9211849315,1.30132670408,5.86875178201,5.66370306155,2.02818755905,0.413887190193
1.57223367038,4.72788151419,2.67948692106,2.71146862199,5.30446318977,0.644304124662
4.60298918342,0.277135719247,0.680425075375,1.54914654438,0.718548363544,0.361350142496
1.36449956484,0.682702263175,4.77305724108,5.44620003644,1.96691176484,0.430299479786
5.52310404886,4.56361487183,1.89308793194,1.26066642015,1.59564230414,0.499158875488
1.56184743269,6.00556517214,3.2768924808,4.99869095134,4.96988326029,0.415738533251
0.92957208597,0.791475218987,4.20254706981,5.04676050776,3.78211275631,0.489924654161
4.25600101318,3.17558621821,3.76900813737,0.636116952482,3.27242580552,0.777490018041
4.73071085128,1.14151217609,3.16978145269,1.79677148678,4.07032047216,0.710655909675
0.442649036133,4.30385515872,2.00164369743,0.0506212241697,4.7290208536,0.385725892282
0.15731181301,1.67792279396,4.68595417996,0.294964380665,0.713965157389,0.330968247831
6.04404562212,1.65009457775,3.3947479105,1.12507340552,4.42103264593,0.459158582697
5.42725141636,0.535921084441,5.05938454048,4.74164304717,2.13844181849,0.400321826246
1.66634155989,3.34815135627,4.47313753768,4.65624360021,4.85580714015,0.655430344132
0.846850586179,3.05429584711,3.68764455804,5.60654767064,0.857152401264,0.465165130795
1.32876616159,0.175400674283,0.293914472026,5.19144607595,3.66710948161,0.352836316724
4.27362080178,4.33684064859,3.07269968358,4.21973731869,6.02252563855,0.52526640471
4.68535220164,0.379893454193,0.757663950442,2.85269052423,3.56180499378,0.498237081586
4.14267530473,3.50828495514,3.04612460988,0.594898660442,1.3934445857,0.669715179802
2.4311383501,1.11118424545,3.48325564403,3.59613524295,4.55493138147,0.840480684573
4.12681854521,1.92020362478,2.09227020123,3.95296863936,3.55448042347,1.05538096847
0.817797769648,2.79545270513,3.16208794634,3.35602196763,0.667686827225,0.649495940341
2.98902561544,4.55641155567,1.25719815864,4.53488348885,4.52847787992,0.659978550523
4.48942885655,1.6886363553,3.43402348106,2.07991546268,4.83695007085,0.749210121175
0.14582601278,0.177878622219,1.36604855285,0.173434726099,5.96685979791,0.246474163309
3.58943135495,2.84786178699,5.03068252857,0.541579477384,2.84804537788,0.642625260401
3.18127635908,1.38062387223,2.91633909869,5.88901515668,5.73333834329,0.425898252954
0.364944137285,2.50503854501,5.34475907875,2.23615776053,1.79704731757,0.507177795666
3.78688737512,5.27686289505,3.72082667379,2.50663630201,2.90428963898,0.863896875282
2.36513396291,2.72844600029,2.44239158707,3.77439452686,2.52323342493,1.51178050751
5.1684032866,5.22866842362,4.74404514324,3.01264267619,4.09466765954,0.528846281647
1.48197912205,5.15294290337,0.304584447066,5.42547046566,4.94625424688,0.346312813104
2.50152145868,3.83285030622,2.16545214815,2.43952040239,3.90619737097,1.28635204174
3.68616141474,0.1823116101,4.86832463441,1.25769459828,0.443486276903,0.377754593792
5.01663803065,4.55304847754,1.7468721451,0.867089792697,0.267714640197,0.398981684142
1.02122622524,1.24421298162,1.05119136154,3.80007439759,4.83004446793,0.505423941583
5.95164526139,1.78984425263,1.59092345104,4.63964117026,5.36363309261,0.393122433625
3.19418435278,3.68174292459,3.64828526544,5.6367671693,4.35542187232,0.679695785976
4.29814817796,3.76031013486,2.21600880721,4.52368888784,3.4487983133,0.961450624108
1.59029016134,3.01003946826,5.02509312083,0.435314462389,0.523294682516,0.420166903741
3.50607016252,2.93085157657,4.33141409291,1.98807605634,0.89894860445,0.801798656636
1.04207613497,3.10922803649,0.630028673557,0.469087648719,3.96234785473,0.458846274134
0.47777749204,4.79078588829,2.2546125941,4.25602987208,1.70121877875,0.543816178713
1.84487451783,4.92189043458,4.99950271482,3.36660444355,2.22012719435,0.67711274501
5.53296144616,3.05708666971,4.16828264646,3.77556813532,3.40119701452,0.738197955296
6.02289081595,0.764548708916,0.714722146586,3.11876747805,5.0486629488,0.350033038337
1.0743743954,1.31083434656,5.48287148582,4.1062548714,4.27752664216,0.485865219933
3.12631691466,1.87454701952,2.97470199556,3.25398893012,5.78958335984,0.707737821961
1.83285340117,1.31735040088,1.87786598288,0.645630469762,5.74685852553,0.424790551386
6.04393723064,4.95898721768,2.00697031373,3.98619740314,1.35867541954,0.439447932443
5.4850524839,5.93528828502,4.74746542384,2.64644283393,0.624946015332,0.349516865112
1.97996137788,4.33183216474,1.63221823701,3.13904779549,4.13384227543,0.9099168446
5.95556788411,3.93673391003,2.32443716729,4.15371483686,3.52260051181,0.599757471401
5.58328261819,5.76355398914,0.490997868531,4.67192407307,2.3584821818,0.347071021584
4.70617192548,4.36474212939,4.94697866448,4.05370733565,0.393212943263,0.465768191035
3.3343576788,2.65737168353,3.31635116531,1.82403022458,1.34449974574,1.05788164679
3.76532287149,4.74898706554,2.10716384948,2.10200458356,0.577801012771,0.620529282513
2.33614654444,0.654985036571,1.75368408261,5.29702601409,4.59573556764,0.492227712935
5.59563660936,1.51692452124,3.09842065276,5.54095048795,3.9230944201,0.470476171211
4.92819939964,4.26154965045,1.21112524298,1.95930079692,0.101533405418,0.434901794992
5.31466062382,6.01290813625,1.71530683695,4.69611167982,5.9184074359,0.307885540859
5.98208960601,4.55952452374,4.72459489401,1.70324789356,0.699534509155,0.380620187152
3.61689186067,0.846760749737,1.56973819754,3.07306765732,0.5586817403,0.554692165247
4.18381858802,4.80409173801,4.80594915596,4.15557508912,4.48982228625,0.607070549466
4.69838490199,2.5834263276,3.74501486056,3.82724627988,2.75160370952,1.06847547689
1.736231649,2.83864322076,5.09135619728,3.50218381231,4.77641808305,0.69421463114
1.65068737887,5.8789050892,4.35907815082,2.1341066928,4.63022296718,0.491081213215
2.75007693907,1.62822090982,2.54109253174,5.82389784869,2.15216931766,0.630992400791
0.250140179557,4.80353800071,3.05412826092,3.76361319948,3.14401003006,0.60896695704
2.62847187981,3.10027714058,3.22055455794,1.5994304236,0.671365886606,0.794857909381
0.074378921629,0.756604688153,2.22229541927,2.92201618902,5.2853157873,0.409405596449
3.74338543677,5.86071570976,4.77467731038,1.5033018368,3.23088109742,0.521397982676
2.39520702246,0.569924703082,0.362252547273,1.63771811408,2.18760573916,0.482054357779
