5.098290288,5.17197734266,3.82941765257,1.2476792883,2.72290974583,0.556927818344
2.45791719513,3.34315855231,0.192809327626,3.15014763313,0.810457878399,0.552224718764
4.60840208092,4.07509275762,3.09147388557,5.08236666199,4.30854607092,0.675689696336
4.88710000744,1.47963414793,3.36914941015,5.87009820623,4.53824625887,0.462693158965
2.4566697947,1.95188237526,3.78688019542,3.42785836724,0.141233818517,0.650679659512
3.86065648091,4.54998976609,1.31795856712,2.93955153049,4.20792822329,0.80416843312
5.01027529075,2.355655759,2.5975519838,1.86133181425,2.32889051794,0.879870890706
1.07313601324,1.26556094679,2.80853757033,0.581531917044,2.64966454936,0.564032833964
3.93625911067,0.555132521803,2.1704397924,5.74302068963,4.06019086208,0.47191413827
3.62814836705,4.1190605472,0.111811745684,3.06793598563,3.41151553244,0.659523647295
5.0217879119,2.15200743994,3.54866640492,4.40936095362,2.0354678134,0.767791266732
4.73082244567,2.55458783141,4.59349473504,1.98556695426,0.775925818317,0.59848186055
0.969079889071,0.519777108415,4.85798982039,4.71969200234,1.70818076147,0.428184732684
2.37245358035,5.89385640474,4.06652280976,4.98584968295,2.26208630062,0.515628549354
2.90769532604,4.05515107543,5.06991139608,1.81434763491,3.11594357826,0.845622227249
4.46815746439,4.13357342319,4.31736001438,5.56519893403,3.57754162849,0.58514735596
4.81687520047,5.28648528052,0.964305448905,0.41933817623,0.539939840227,0.329111770838
1.33448291911,5.82677274795,0.32407064124,3.81047839699,1.12364839108,0.368966114846
3.35806768052,3.587351797,4.69825720036,2.45560848928,3.28945118029,1.14450310594
1.12083924328,1.65050802436,4.74807082381,4.62277032894,2.22358059398,0.600804983216
5.14569221357,3.56208546842,5.08910426325,5.06967775347,4.37977130674,0.488480968257
0.345557950018,2.05012959062,3.25736646127,5.81796084835,5.61533872931,0.359771063156
0.0727560974702,1.22257900629,3.81070620802,1.22338464967,1.91393705805,0.460381382325
4.67043027824,3.90112822673,0.487862203554,4.20079872818,0.280377254412,0.42102655155
4.7330290502,0.571581969993,2.54263420225,5.95121770927,0.584706904941,0.34900220627
0.786316095041,0.538521044266,2.90822817193,1.91375631401,3.97357088077,0.552624717909
1.91750924405,3.37066991385,0.46150761643,3.18393329725,4.64200845235,0.645863438943
1.1437363514,0.496484397774,0.497421885453,0.637540594345,1.25166817464,0.337677202305
4.61510021741,1.31133803778,0.604637277639,2.78153860387,1.38782514074,0.530652514611
4.35504697136,2.16253529073,0.434581634241,2.95284529762,5.0740671892,0.542804207298
1.65030807756,3.53226421048,3.96020087468,4.55044957565,0.838634565304,0.662148447124
4.98019334083,3.17767881249,2.32479277567,1.53255823897,1.29418242304,0.690997177039
3.16960167193,2.79096116492,1.62325156133,5.85757707123,1.78431259248,0.601991116346
5.90324556642,0.0872717840029,4.97301177708,3.97511562453,4.8623035135,0.330856094543
3.89270119597,5.29682067951,4.7630564975,1.24441634453,4.96415450689,0.473470371529
0.701292898385,3.93739335762,1.61962559402,5.14786270521,3.71615433719,0.549620104785
4.47941135818,2.87317346733,1.72442767457,0.947821555067,3.30593473966,0.761216904371
3.66027123053,1.90515562867,3.12739602262,2.81396023962,5.83886219397,0.67821341322
5.39918980148,2.85726746345,1.9669130678,4.44935782784,2.02210925716,0.67111115361
5.74344911976,3.6913731793,5.94192906316,2.49387115888,2.97179367347,0.456278929563
3.91074699798,1.57048065932,1.1822988147,4.98689422221,2.74562975266,0.658350553134
4.60729631548,3.05572109148,4.80236753803,1.43792225108,3.44877713237,0.742031169433
0.827278115691,3.76762327546,0.175803762699,2.8448126668,1.49100990588,0.48573907764
2.60530912494,1.77630202509,2.01881345666,0.206277241189,1.00293854932,0.515222614227
5.00072208118,1.84036169463,5.00591061714,5.54494731972,0.225693550118,0.350325763178
1.68891354552,1.01589132767,2.15335583079,0.686035433889,2.74894484513,0.595596092167
5.20778488233,4.98906953724,2.00693952045,2.80372965137,4.96750322323,0.534003420481
4.17460720061,6.01547769472,2.63227707593,5.5096543248,0.639718901427,0.363936516689
1.19359813907,3.92625291334,2.95343951682,4.64561597985,2.79169609439,0.842130616325
2.0203247846,1.35279499242,3.36438495589,0.682517075237,2.04164463113,0.662471175748
3.07553019934,1.51745851946,3.256536494,4.50285452016,2.92469105012,1.04891200757
5.96175777048,0.612124637089,1.63014087215,4.75336583435,3.18751214355,0.408832007289
4.98866899026,1.77699008486,3.28162343559,2.0394222989,2.12003348596,0.817867462982
1.75462450079,5.78884584886,4.50345286858,4.62656016102,0.81654296721,0.416628920047
1.44554141044,4.63093768814,0.639477158262,2.99958167119,5.49675951702,0.456992950995
2.93565419733,1.37166796288,3.57609008457,4.97792355886,5.77375344271,0.510376590049
6.01963511957,5.88424522963,4.33248613254,5.29897191394,5.78938269875,0.26825103745
5.95786835354,4.67947282794,1.75575433249,5.11565714522,4.74900074815,0.389821446572
0.0837812487801,5.30506606103,4.61979682373,4.14277418739,1.59209486028,0.404374804412
4.77207161862,5.76490357481,4.47967988233,2.15588026827,5.09417895848,0.433416296134
3.15390034648,3.03601786028,0.0631744713799,1.92834464802,5.08097795577,0.522770819075
4.92913263356,1.27003313644,5.16105324688,0.299036106323,1.93788584122,0.403099323572
2.58592336511,2.57706731464,5.55268126941,5.13240897623,4.57389037646,0.529357865978
4.40024432958,3.37369527728,4.95920529342,5.55977742478,5.91590946343,0.384707030887
1.34437178569,2.71761908073,3.72070864761,2.20804217948,4.33273483227,0.930782885042
5.67884387108,4.4624120059,4.71744417672,2.91917894948,3.51940589862,0.570099997672
2.09709541804,2.14880084443,4.09074247482,2.33072547634,0.127381301225,0.608666346918
2.56778715923,2.1509904413,5.62363068897,3.60430305388,2.10706022711,0.716661612284
3.83286661031,2.73845757308,2.6368620492,3.73241569649,1.66551456437,1.21784515323
5.83626091512,4.03206048395,2.13395888302,4.64502066371,0.857999510728,0.451389602762
5.9059532252,5.25612366991,1.39187963195,3.14360287575,1.68345566654,0.437165731253
1.91630544446,3.62385338322,0.132498954632,0.79202869556,3.41563808041,0.504183679016
1.69855608944,4.38314260404,3.49119473137,4.5199261174,1.66512450306,0.772786778845
5.78249160662,5.40218470096,0.682189300453,3.3792967207,1.67763413552,0.3879349921
5.01009653981,4.08004619242,4.37960366956,5.93692018415,1.19011743975,0.416467643509
4.75621304139,4.51082231496,3.76175390264,1.09287222703,0.240817991269,0.450504043749
4.32290205018,1.6010172234,2.91383117086,2.08328949408,5.22295609394,0.689819793962
4.79776310307,4.36001139146,2.02413925615,3.96285275983,1.02113310177,0.629846392865
2.14751629388,2.63255527367,5.93567633323,5.12350861052,0.113655265463,0.366029338668
5.94413805807,2.62799310591,4.83746503072,1.40242886062,2.69920717739,0.504405333922
4.50015716179,3.43728746443,2.39521624362,2.70498162059,0.0816859098413,0.609345599206
0.14175945338,5.85119544896,4.49412064018,2.21037670518,2.48237335866,0.409455250619
3.61558464576,4.27591091086,5.99242187324,2.58681842687,4.40480319897,0.552313084496
1.62357265335,4.89349949556,5.85979512536,1.08714917098,1.92253260265,0.42592603194
3.32433171945,2.65537451409,0.645799972505,2.15478655239,2.54430324943,0.855559276099
2.34033729296,4.79138655853,2.60171040245,0.136286587366,5.52431046674,0.427791873191
5.60183462174,2.78429375561,5.04525088304,1.84361662614,0.467983690743,0.421097793563
1.18305444752,2.20763614971,4.45481737233,5.49463967576,2.81215447184,0.577896446143
0.80234138099,0.90630442139,1.39882055502,5.11307268865,1.62845422486,0.432465081022
0.101129346154,1.67583350309,2.91410018657,0.989999023806,3.815183022,0.503299783341
3.47841239787,4.75482384341,3.92181075031,5.96445348371,1.27912441264,0.478299150295
4.75387982686,4.69789562193,1.84430310875,3.35207149011,3.83571945586,0.762371732013
5.06616354583,1.93167118261,0.659249038254,4.57523652066,0.0987703134152,0.37330179718
3.95225647722,5.56475556779,0.227606797055,5.43084988734,2.63933209143,0.381533181899
3.46329515578,2.5587847108,3.75376900515,4.72029500488,0.768191900562,0.718501091291
6.00661043333,1.90779315298,2.48731675452,4.69839789423,1.55418607757,0.488510250866
1.77185644937,1.34860685268,4.71661250454,5.51325928153,2.49937364712,0.53335343407
4.47710567798,0.885951017503,0.457807878832,4.48606370866,3.08059440112,0.491916196787
1.69932140114,0.181934918697,0.923573382229,1.06755724785,0.79839963469,0.363290481007
3.7688910355,3.38990674508,4.0007414138,1.15632804889,5.79365996539,0.557153771667
2.54049143843,0.0567630013624,4.994881277,0.76815386745,1.8557892142,0.414186741854
0.21013208672,3.46619998922,5.71937091721,1.27169539945,0.789046062553,0.353718887435
1.90268127536,1.29520044435,1.85492873267,4.33519224586,1.69399073532,0.718905366874
1.77561003316,1.17166319595,5.77345826122,1.25915392524,1.52927238631,0.439993630089
2.83152791934,0.568557917084,0.278855149036,0.341732653343,1.64900947506,0.367154593433
4.46695881329,0.258050185081,5.90808432271,0.666252500293,3.2248520327,0.349355386157
1.27500059667,0.373253645808,5.27207462183,3.09338202718,4.14983083137,0.467976955119
5.68801733841,2.81551467821,5.01183377643,0.74268818713,4.44981743988,0.425452718788
5.95914086835,1.78634871873,2.65293054451,4.34215889306,4.09460401624,0.544974875469
1.2154851136,1.39596151759,2.12083432201,0.871305514144,3.41875674836,0.615874944673
0.0610649569336,0.56136447581,3.92294811392,0.698178581302,5.35163828046,0.319849542019
1.26592319756,1.68322075289,1.54984886209,5.7252234664,1.40331300083,0.458292609484
3.80430214475,1.59722310818,2.40556889037,2.60358401297,3.06903972032,1.23002055925
2.50786466129,0.617771780215,1.66315963786,5.4202493292,0.828990957771,0.429641154392
4.23658776075,5.39358427158,2.14804521105,0.504277452695,5.43883331287,0.397444260458
0.618655326783,1.54091966474,4.73654004736,1.16003997433,3.43448279083,0.51574259385
1.92651444493,0.564080359106,2.54539649582,1.1373209831,2.54829023273,0.626317030659
2.37492410787,5.82765673681,3.33367178688,3.03150690635,5.58729935222,0.495225776479
0.577591399612,0.376466762614,3.74541783405,4.96759677731,4.99511767053,0.382283902442
5.14865663354,4.28661300545,2.98169013426,1.63520176436,5.46376614523,0.520690917635
5.11724222957,4.78134112614,4.19439489077,4.44747917688,2.91984891039,0.617890773284
3.98840694632,3.80918298043,1.9611634162,3.16458363124,3.33844878453,1.27347294193
3.25930667165,5.11300797449,3.05172513744,5.60782996499,4.79305999731,0.511494315073
1.09710761286,2.1985694037,4.11438446943,4.23105965664,4.573261933,0.689854793963
3.50583370032,3.59645134088,1.42517921182,1.80414338658,3.06441993182,1.04976897864
3.80573138892,1.63393413872,3.73326410275,5.82375745361,5.71582332729,0.427308102763
5.45654727005,0.730232795704,5.34323005375,5.80515665717,1.00044576961,0.298113101518
4.79343424354,4.72381448241,4.6584474077,5.70257155724,1.17895856212,0.407191399152
5.484756745,2.8935654409,4.88984761916,5.19337716045,0.89963019424,0.417025915209
1.75588234665,6.04188973793,3.53123503292,4.95234219103,3.30377384806,0.500323930853
4.67989768447,3.87156447514,1.01035603626,1.04755686624,5.02132668018,0.489280842504
0.960488588693,6.04404565143,3.82741690865,4.66695387838,2.12717466532,0.441481636399
3.10123238208,0.084729878918,0.130533423131,3.80055678353,5.81654632145,0.329851088201
5.90187297428,2.05536409958,4.28077562704,2.47709485855,5.8912651042,0.406728366811
2.16939030235,2.89243958292,4.75102041196,5.01808700828,5.41258979308,0.535882163847
0.0835290307117,1.00588515856,4.88025551859,3.24781651279,0.601597345788,0.372697576216
3.27171836088,4.52773813916,5.0463693053,5.1198126448,0.716144361689,0.469372411679
4.11195500459,4.65333757319,5.76387795805,4.28806472494,2.18394111638,0.52814893139
4.80718639154,3.22818211731,5.52935306222,2.0079563872,0.514243957512,0.457064497415
3.03880269497,6.03501947681,1.44129384284,0.138212057811,4.76836551185,0.357661970695
4.06151519159,5.03482107111,3.63419975119,2.95993007276,2.32844451326,0.899109729436
3.24562885843,0.644283475195,4.31316524612,2.14606233324,3.99003157793,0.712072749399
4.18744699551,0.493524828718,0.670863306812,5.97644177189,4.61184295086,0.338128340269
0.4600884428,1.84321294788,1.89585869511,4.95072448994,5.03358904468,0.455596526878
4.74153624757,3.97281599614,0.253482387944,5.28011172917,5.71133733432,0.343962483848
3.41574995609,0.872573431582,1.38277490936,4.39424311795,5.56099236864,0.480381124209
2.92487605353,1.71792155727,2.70469596072,3.33678330184,1.02334222596,0.929612341164
3.40542531678,0.256712431489,1.00296913291,2.34125890465,5.92555413486,0.38954560137
3.30310361994,0.130602199989,2.93132906375,0.705336362822,4.73754502473,0.462650777413
5.06352550974,1.70726658224,3.23507405037,3.16742446268,3.5203961366,0.886257679048
4.73634203185,2.26803924358,3.17472197532,5.85066930365,0.560040231872,0.441288795758
5.5035927394,4.62298661367,4.5194905928,3.2627564719,4.29771419108,0.556668369652
4.16699551731,0.59956827467,4.42147753206,1.42134818454,3.96119446754,0.569457086964
1.13985515148,4.94418262487,2.39833072205,0.200941950466,3.49500537561,0.483518144328
1.89857473666,4.09392217202,2.59905357377,3.98621544939,2.68424478598,1.15702124706
3.9658284294,1.67657408592,3.56993642376,1.17273511085,5.850306675,0.513551247553
2.69083527432,0.598004050765,5.97738641712,0.150523101403,5.81233545305,0.279651860521
2.71670198916,5.92772733022,5.47005161202,0.849081538927,3.19089915918,0.409569295562
5.8816202385,4.47445309387,1.45772889997,1.39790656711,2.8416050058,0.489042044378
2.28780575237,1.59217521031,5.29371313841,1.87065670116,2.82851500501,0.711483757273
1.42628230066,2.842847072,3.45421097446,4.10192526335,1.83407265345,0.972647412484
5.38053969979,4.09408010972,4.31752337242,4.16256478204,2.69392202237,0.664668717413
5.46675151325,6.00051542358,4.20837875535,0.441238346129,4.76211158578,0.32050836736
0.572714480684,0.516495183328,1.31991066886,0.25962103044,0.612889967988,0.302204437562
4.37022560109,0.773542299272,5.45543844323,5.39587726456,2.24908937363,0.413771906767
6.00993429997,2.44803406925,0.636416830563,4.94852270287,2.12439932586,0.407924944867
4.56410052795,5.81783825488,4.41046094987,0.570526750196,3.62109903823,0.422580553505
0.245463724268,5.81951889064,3.42805344747,4.38874628144,0.602795847448,0.352167353682
3.57424549699,2.42737543553,1.33437068244,4.58389045889,4.10268297962,0.822598657657
4.21440941561,2.97380058031,3.50021018292,5.65835124744,2.67925922611,0.719662991735
4.54670659304,5.74998579711,4.03327054076,4.88794920271,0.994396529292,0.423564257887
1.22636588825,5.01101052716,5.69339903549,3.96133316666,1.04494362752,0.41338120681
3.35264292053,2.95598251769,4.04705119504,0.505725029399,1.63097517714,0.698409501048
2.67683259451,2.56943905642,3.94540673748,3.46090454588,0.39206694416,0.757727209936
0.557147646876,5.86825819977,4.35521553325,0.384419161327,1.0347292514,0.315113530944
2.38331018784,5.60609748979,2.6778590315,4.37192836392,3.77623408805,0.677481436093
0.792255203916,2.85937030673,0.149387466475,4.44407212609,4.49334514298,0.447721173778
0.452913836745,0.252277496237,1.19383345326,2.38453617078,3.18359545172,0.440288754763
1.13789942764,0.897338664689,4.47643681154,4.80273460085,0.217141944134,0.383691280528
1.76677123722,3.25573920627,0.208818683266,2.58033797022,3.68074759296,0.66593492093
3.15543043722,0.964763590076,4.2623103401,5.31237207456,1.6430197894,0.557157905695
2.25395759483,3.95828388676,4.35595457133,1.22265651178,1.6771479454,0.75629306672
0.757008760043,1.1290023732,1.6784658088,3.43485286309,4.89643934995,0.524557867375
3.99385392636,0.959422844808,4.92844080362,2.27468532361,5.27934061826,0.5104108574
2.79740217961,0.306383800005,5.76446545716,5.5949059418,1.43940251334,0.343549525869
5.89685852037,4.08688320047,3.78892448548,5.12612667158,3.21166731798,0.506054335405
0.596706770461,2.72120290388,4.76644518559,3.33562462487,0.619169722932,0.506204255538
1.47643252909,1.49695103583,0.414996895131,2.95770805732,5.23808608304,0.470068991494
0.787284800829,5.74111372446,4.02152373292,3.33332475185,4.50783912408,0.479892320894
2.66339023363,4.13032087117,4.08934753114,3.43481583906,0.0886694093334,0.615668009366
2.94767582048,4.23585666324,2.42149075567,3.58252834417,0.865053226328,0.850189078871
0.570859012201,2.95843894009,0.721545632714,0.0997227533569,4.45850502956,0.375478933808
3.85196094263,2.90676493315,4.41928720929,4.52496801467,2.76876260789,0.98737107127
3.76857683608,4.97826729898,5.96061634414,3.76176118168,2.38572818351,0.520098938494
0.0952608971863,1.00532241822,5.05342499044,0.242786301168,3.46330410068,0.339562261503
1.46293801697,3.2878015462,4.16749205279,0.677882793055,4.85592946048,0.566728627831
5.82126497994,3.87627847023,0.451218244482,2.21041561837,4.56108166936,0.429477479617
2.23119232775,3.40739302508,0.849067899302,2.07870198694,1.86915675931,0.7992876953
2.25372380927,5.76083581462,2.83202344673,2.85272181801,4.89225396646,0.594895513075
0.776428214743,1.22585479809,2.36592210595,4.02104978133,4.53223881229,0.592269138491
0.376044245905,3.41694027851,2.99471993248,1.39775577295,5.70521907237,0.455696966249
4.27807650282,2.68044900856,2.46527190297,3.62591407853,0.321823729038,0.685592535778
0.656386282544,4.64413055452,1.45414145444,4.1293593164,2.1806160414,0.570378692742
4.07815150428,2.32983011295,5.75527264902,1.36522724908,4.12633079374,0.551141259503
0.85198541256,3.0823405321,3.87479159787,4.59071776617,1.18426016481,0.616777540791
0.899654170298,1.07882670812,0.40732463983,0.205617252599,1.79784267496,0.343901635582
2.5306549912,5.26479341156,0.482980897546,2.66403247212,5.09281446084,0.472194682853
1.98916008307,1.236409258,1.19554446929,3.5301817782,3.89427165938,0.742449809389
2.30625136915,1.93476183761,0.569538555029,5.40629244034,4.20580799816,0.505883972458
3.20841320722,6.0249400169,0.588336958183,4.28196063173,0.71144703372,0.371875577555
2.26082570635,5.83730319832,3.30753181626,5.07834421231,0.817740348325,0.439116193992
4.9875918561,3.34316175654,5.0446904755,3.22314985195,0.174548749845,0.469880404322
0.398043931517,3.72234664093,0.733641338656,4.65809052465,4.80825413083,0.426486722052
1.04139211492,3.54368828935,4.08715574524,2.06584098833,4.54642129911,0.736500607923
0.995323935692,2.13194869088,4.06672490066,1.55411312462,3.75952396695,0.736506823543
3.59604174219,3.60654924434,5.910687341,3.33259391574,1.23206447944,0.573674646699
3.65399433562,1.34169474151,5.38501829322,1.86823267436,3.01103647832,0.660196029763
3.37483595991,2.4984508662,4.82091201423,3.86920471434,0.162265613543,0.570905707355
5.19502467477,3.45776179427,2.0897736287,1.19629923953,5.31831762425,0.513238360689
0.232327657057,0.144947650601,2.65599078387,2.87825592317,5.77028086219,0.349418778682
3.61530413362,5.55276164849,4.98177590303,1.32966237403,1.07494918511,0.44805927987
5.87432134278,2.14482358307,1.13667021837,5.73685433334,0.673196153915,0.329278428193
2.96786186956,0.471870120282,0.957263642314,1.23065232763,5.13475140629,0.430052033938
0.71785339318,1.9373891877,3.5993625987,1.6712054222,2.15916309948,0.705752554845
2.25755033221,4.73128053466,2.50518921222,4.96382601121,2.49832620334,0.775092212392
2.0013399415,3.57912271775,3.40554833675,3.71097437088,4.25690597267,1.16516551251
1.30627904892,2.24305696741,3.22229524578,5.01706886132,0.37485207398,0.514111406598
5.59564966773,0.639478773878,4.26856268957,4.69593166739,3.77227480345,0.446601997623
1.07029995529,5.50988856324,5.11515701102,2.916646316,4.46753890042,0.461727621303
2.91254189335,5.91130278706,1.52735385965,3.32279618092,0.518178852809,0.456294866787
1.01239849244,1.81398573429,2.14750243842,5.17757351499,2.51783058656,0.622732652199
2.75211578481,2.91778470712,0.929432621618,1.85410426943,2.51122481851,0.916805963769
0.520939762031,5.62543916685,0.249494631096,1.94156886731,4.15363803187,0.356441336827
3.67394766047,0.747306374881,5.68043242985,3.02354267796,2.93128267927,0.564371401922
1.81601241963,5.98081760006,5.16637856294,2.7344353927,1.28409645341,0.434874390352
0.975498849183,0.87339208802,3.96163025775,5.10089031993,5.80772371045,0.372538663443
4.27185837156,1.29737732201,1.94936344176,1.60845862127,1.41818523202,0.664058675944
5.92979063795,0.122804988913,5.96846219917,2.40300992765,2.98099484281,0.32226409362
1.88131928897,4.26552707559,1.99664702873,1.92788392579,0.790207353572,0.671486195535
3.07953549766,3.32434979437,5.78607279086,0.780792307878,2.15048609864,0.539948438049
1.78053438275,3.46803190462,0.22236821314,1.68989046308,4.8027708358,0.515789389034
2.20856041883,1.80082819083,2.40087488038,3.12222609119,1.96071419473,1.17393009993
3.42967882579,3.87331108164,3.55853876519,0.481043620091,4.25106963892,0.705737310996
4.96437356654,5.52800487974,2.24240604148,4.92547297856,3.08860138986,0.51180170763
5.51953596664,2.98411505904,6.00899309524,3.35335062645,4.11194784031,0.459482005349
2.64727310141,2.23978079734,3.83933629708,0.415771676148,5.82241043652,0.475035199122
0.98418140758,5.44755177638,5.64471170911,0.282434828976,1.65677666066,0.320123503976
5.74677505207,0.509054631223,3.50831841547,5.92193314597,2.32624848802,0.357147907753
2.91687384771,2.59471855563,2.05459901108,3.13558767772,2.45584782931,1.56753776281
5.96591458903,4.39565272182,1.96250445846,5.32028066485,1.1668249499,0.391157860968
1.55827340275,4.85182350824,2.31026228616,5.50396461948,4.5107628742,0.511880561549
2.88115486033,2.46300607563,2.94542448338,3.26918495746,4.1434457207,1.49579820116
4.72257256399,1.84366314587,5.52542286645,3.04298436147,2.03794940092,0.602064328427
2.24831134177,1.62368011281,1.14396365529,5.12343808917,3.69233599338,0.629228350413
2.01726284582,4.15505865165,5.07752392292,4.65249270393,3.3951584376,0.689516280981
2.68203262663,0.308817233229,1.17397640678,3.6833509143,1.04393918728,0.500724235697
4.92671034799,1.08672065094,3.06601348394,1.93660526628,2.90062191185,0.739760269232
3.56108307884,0.930177102234,5.6556030972,2.28125145546,5.13063950429,0.460671696539
3.5985837941,3.46105881455,0.74676066239,1.28500275926,3.44068011021,0.725511459988
3.93898552312,4.972241383,0.411432522137,1.3597697415,2.4385439728,0.513407649909
0.124356898372,1.86987529371,1.76669407268,3.09345915432,5.50731441627,0.447169019331
1.31751718831,1.54399389394,3.45095067357,0.408893615176,2.72617748359,0.59021878439
3.21989069883,3.32082924642,2.03145105803,2.2111079441,2.80900973179,1.48187701395
0.949555704981,4.6560488531,5.93386581912,1.75595423838,4.06494229117,0.430364075775
4.14990479315,5.60394673504,1.42927114973,3.35255471226,4.78376260713,0.529770096359
1.07590540621,3.93503278228,2.30733585998,1.13182078982,5.71042278931,0.47863618908
4.26354582124,2.66859749086,4.25549498391,1.05643449388,4.06043718451,0.758459637769
1.96019210625,5.26627757457,3.66671443768,3.70461089261,3.24982644159,0.818289597121
5.16599911327,2.06886167552,0.938425697588,1.69166609023,3.44016831415,0.598295631408
5.33231647437,0.746445995643,1.15817676891,3.43607660286,1.41196585678,0.462480487788
3.34336051856,3.84860123875,5.10064461016,5.63333719984,4.89953021104,0.480921643231
1.19749633329,0.104734635773,0.307138651246,2.74884419611,1.84608118846,0.395605752096
3.29380671687,0.984059284059,3.62146816744,2.67253927217,1.1949896465,0.775082346131
4.63590688535,1.54613228308,1.66924385482,1.55420390389,1.47004008904,0.625315069905
2.98406521877,0.461281247944,2.55258616226,4.98746502243,2.33740670978,0.623652402335
5.50626364242,4.4386123611,3.27053967694,4.38504075884,4.33947019436,0.583543842155
2.8540854715,0.636504179701,2.57363824566,4.18044886022,0.723721426228,0.575901133337
1.20319250683,0.165175453586,0.501984037766,2.11028861781,1.54541092261,0.393511052303
5.50398955467,5.74008149389,0.257816813398,0.308196427022,1.49680548563,0.279306366159
4.86960404576,2.91174687787,4.93343199448,2.5189842943,3.41457129966,0.790850639437
3.25737191585,4.33878491169,3.53062825079,4.10019468171,0.746326741958,0.744622531075
4.8440986168,5.67450665162,1.5690497044,1.68260979763,1.02392517885,0.43026125635
5.24137204065,0.92099925912,3.90082872223,1.12501474597,3.37476512621,0.531533103154
2.52391125445,2.06339783145,2.49780202749,3.87884039742,0.392539088643,0.718014271736
2.43449874436,4.70945541221,3.55012448301,2.56755459356,2.56942513976,1.12144457956
0.786329251822,4.81499129934,5.68143577513,1.86796859555,3.29845899739,0.459660170824
2.37951789007,2.43783874248,4.04992792863,0.866411010481,2.98607925222,0.880609767905
5.79044878126,5.31878461609,1.67249825443,2.72028467231,5.78796067206,0.360015358555
0.552510550411,0.497322721263,0.595714422779,4.25059794858,1.21880053631,0.36008975372
0.901867262879,1.13518142964,0.941558962157,1.3331118327,2.77255981827,0.501325153083
3.53135893536,2.76445604561,2.67177575014,0.636343294457,4.20683690706,0.800712135903
1.29466812661,1.71415676861,4.00575272166,5.95559001294,4.52461996215,0.462255316314
5.75995933461,2.39585324561,4.77450372176,1.76499378563,5.04114509327,0.458237475356
2.68483812479,3.33721166158,1.93840589392,0.975649418461,1.16078197796,0.723550312556
3.18621270687,5.92147749131,1.33615869582,1.6150384008,4.75728497669,0.468510410135
0.126974325277,2.84173541996,2.98218563606,0.824033693848,3.78289919055,0.536843515019
2.07972650592,3.37290215885,0.469999965942,3.43270577,1.77728082052,0.710775702233
4.9194223881,1.67001175335,3.83409862055,5.07225833418,2.40120020652,0.632847813421
5.28863793543,2.28278634711,5.98665297117,2.1709643978,5.07853713144,0.405186851504
2.69542412198,4.41314852972,2.83290104045,1.50595508793,0.456934866288,0.632230033761
0.667280548072,2.19233487156,3.34444784467,2.25153966087,3.5730038288,0.826372960137
5.53227883018,2.07474514645,3.70207625105,4.98192527379,0.156875963781,0.403668119995
0.461016916884,5.42919163846,3.46639939674,5.94541495452,2.43781882647,0.376556319939
1.57883442457,1.51804172019,1.34842256388,2.79274273123,3.41896829203,0.822225750782
5.56456871184,0.779717319013,4.75151589752,4.30186243517,1.93414537378,0.44632161992
3.6860091032,3.91132311612,3.69450970929,2.21253790125,4.10495378361,1.15948999788
4.13664283267,0.506907142672,1.57300811192,5.38244575208,0.628671513095,0.386951659921
3.78500014985,3.71984521025,3.12243291281,5.3100391753,1.04693971022,0.653589744707
2.72884501984,2.85605977912,5.04939672114,4.92291403984,0.69543553691,0.546361908537
5.42070625044,1.58566575135,4.44110490359,2.08176674434,0.288124959863,0.432257435817
5.54615333695,1.14795482397,1.01466412759,5.19678907577,1.44442590145,0.383138537408
2.59436661645,0.583973591792,4.13925437052,1.28782348162,5.68843673297,0.445258514247
2.15226148508,3.68583872752,5.62402070329,4.83452199809,6.04244534983,0.389158591608
3.06608284356,1.62003660236,4.22913559349,5.07902852603,3.82878642305,0.744674454572
0.612098096794,2.51263622796,0.332948040897,1.09703121104,4.30461528795,0.427787788088
1.82790846778,3.38358089276,1.54364757492,3.34949229208,5.47376212827,0.671883204745
4.28456516113,0.25569446868,2.34530132701,5.29309084047,3.45062291007,0.49822439143
4.27091394292,1.46664200334,3.59277468188,5.36920762778,4.4035868251,0.591681260437
2.34496551848,0.358305486029,1.32925952446,4.22039919841,5.82285311555,0.405566518418
3.82082774832,5.56868848003,1.26276412959,5.72658458086,1.19216317812,0.384727183073
0.155407234844,5.57081273375,2.61651469049,3.15526223652,4.44656611388,0.455279966446
1.73208684136,0.60092409804,4.44328615031,3.9346380679,2.85345802475,0.65183665525
5.1963379283,3.33887304182,5.11124380844,2.26049146382,4.4744517755,0.584215664706
2.71826289618,5.50369309256,0.675850977514,2.57127987456,0.356100245111,0.417998506816
5.23236610942,5.14246188193,1.36990260884,4.77169957216,0.677123403479,0.38811598294
2.63464519442,1.20815583872,0.550233445049,5.2575259798,4.12344222918,0.482996312886
1.21124115672,0.891170844263,0.315132022537,5.93863158939,1.53552253563,0.326417796651
2.54698877553,4.06046301374,0.812959105502,1.59613973363,5.06257951208,0.576767569128
0.491502384865,2.08858385131,0.836070248944,4.6513667164,5.52546093651,0.385939504124
5.04606200973,3.99033667799,1.3010261978,1.48667809691,5.98751692333,0.412047459891
5.44231524569,2.89721730195,4.86712392709,1.21622865073,3.78984229196,0.547425949496
4.26972983021,1.05878612379,1.16274894402,1.01255123798,4.67717324167,0.48735605256
0.371912901291,0.293682857894,2.02992514208,4.07010243196,4.75597843964,0.409825668811
5.00514915049,1.97212758946,2.83322097532,2.88933769726,2.48099848862,0.962781860505
2.1946295606,4.69660725802,4.7248821203,6.00144889668,0.120093661943,0.347163493046
0.945497251826,5.11090295846,5.07346072689,5.61389326923,0.424934268973,0.318070874494
5.50042015346,3.6656896703,1.00549718546,2.15527331108,4.96495707712,0.493878264039
1.94017047816,2.07894613469,5.7002697103,1.21681965329,1.24058419772,0.486894943584
2.06667594388,3.82813672454,0.647758799452,4.72026707731,4.46039620945,0.582003786435
3.05310166475,6.04484795425,2.57218849768,0.169784303584,1.49709224175,0.404435948103
4.23939274083,1.25838441981,3.59700117977,2.95063216156,2.33084885403,0.963769026788
0.290246353259,2.57584288568,1.523161859,2.77412898716,4.38051763029,0.60021950194
3.60273837511,4.73659098076,2.53278537092,0.608632284446,0.541246960369,0.491124463673
3.39197963487,3.99834662134,2.99010582107,0.684257693525,1.58687204892,0.740190535656
4.52782109551,3.40463249064,2.44762158429,5.12563861821,4.5172411422,0.683833304039
1.40327645735,3.10039832984,2.85039502026,3.09744279024,2.14978577943,1.20274029494
5.91475585183,3.34163094328,0.276663973322,1.1143369481,2.70802425687,0.405349848299
3.32559103211,2.65507978658,0.265646355342,0.859677030181,3.94764959733,0.550034084167
2.01821596837,2.35874602649,5.84354742132,1.11445753637,1.39996404505,0.485997112931
0.183556561395,5.41858381393,2.29104539687,0.966770174501,1.49920699017,0.389545819323
2.78103077004,1.95508174273,1.37863408049,1.33738859927,1.77780536333,0.767656156894
0.762494542888,4.23232273543,5.22559715432,1.17624909203,4.2674552604,0.467053074318
5.59992170402,5.55462720745,1.35113452247,3.68047660341,0.155621220984,0.338317775373
0.472502402059,0.437928785429,2.23266285396,1.55025544098,3.6927190523,0.47342032964
3.68524963322,2.32786523169,0.423570982397,4.81205437326,4.7865751139,0.525356036477
3.27279353923,1.80246163588,5.21169669744,5.99224973441,0.534362746278,0.378314380079
2.26014189625,1.64172758838,0.886129225808,6.03125421981,1.13188036812,0.407512630441
1.0259764828,4.65234480944,1.6492353995,4.70111745668,0.923783054823,0.484119556265
2.85167761529,5.93862592456,3.54477001559,0.435484592779,0.840846863073,0.396936007032
0.435484591632,1.28995355056,3.35942867623,3.11901355597,4.09599823992,0.631091473155
4.8538564679,0.754735984126,5.14196054327,4.68341453905,3.57688988738,0.47097220007
5.07072931908,4.6643370128,0.302810572461,4.15993283307,3.58688778262,0.475677427285
5.87427013165,1.49366992621,0.141049828338,0.690931788642,1.62004314878,0.323204825819
4.01389656325,0.698654903162,3.28689856439,1.41655681338,2.13138382227,0.681743530681
3.41968356713,4.49032633696,3.96177839001,0.455111625007,2.77613037731,0.673455139016
5.03798358984,2.1661573454,3.23835356185,1.91970091026,4.16755924251,0.804134938176
5.22349391981,1.25206381969,2.11811194639,2.46120534456,2.22430095561,0.681712454607
1.71903713869,2.48028510053,0.506776557062,0.368918290384,0.209552358449,0.35924286819
5.42950106074,2.28582358391,5.4022029678,3.73654712891,4.25916439706,0.51783691566
5.92246441765,0.104511244163,3.78553853815,1.62371316287,3.18622564092,0.408654156526
3.68005994663,5.77735516776,4.98742004705,0.849261784549,1.44653237696,0.413822358185
0.500109112982,0.556198844565,5.68511614052,0.145982704499,1.25638721133,0.280764271213
1.22317289269,2.51261397343,3.0797161583,1.64031001934,5.02359788301,0.697120631989
1.18065497566,2.99812992779,0.711946987619,0.83027372892,0.148411113585,0.379010724593
1.0885009932,4.86954549108,4.95994178172,0.239246736556,4.69429243126,0.377603776162
4.53747744003,2.28933499923,2.03653620553,5.88689236999,4.77415373883,0.493123074496
0.831235900825,1.15677391442,5.80831832225,5.31734706298,1.03999230235,0.331132412035
4.67531353871,5.87449809842,2.09927930081,5.05681395423,4.96014319661,0.400747674258
4.746174227,4.43869944831,5.61283255816,5.28521949443,1.50120057358,0.409592620357
5.52091252884,4.75527186359,1.58168080115,2.79377754387,5.51389024132,0.438408427668
0.962116144801,5.42543295905,0.197327611105,4.04792200639,1.16577687859,0.365588163648
3.77955443892,1.24354031153,2.79229336614,2.67207776173,5.49005016929,0.664722104306
2.28553147242,3.58905296255,3.22333247227,3.21284980672,4.33823653542,1.29140433962
0.540290033973,1.12588178742,2.77000828976,0.629246568257,5.42235640269,0.383087884235
4.10140765597,4.11201343331,3.66543999114,3.70462035408,5.73398864156,0.63037128268
5.82604591628,6.01727483822,0.961307288115,3.8486172106,4.94964613624,0.325012766325
4.2468752684,3.14666247203,3.87728790435,2.62272925863,4.05778440797,1.16183381286
5.8802908007,2.29163699294,0.886260923953,5.06339361384,5.25125597943,0.362430552988
2.93449532869,2.76577493888,0.564733450925,3.66663238411,5.63728817274,0.543792624788
1.54403472332,1.51819626602,1.07590487921,2.68466175746,3.65147350163,0.738466528732
3.22422522214,3.57083444731,0.562079004095,3.81642450282,4.33340726524,0.726527093703
0.296418982714,4.40125169516,5.2566456425,3.50457917358,0.366789042868,0.376595263091
0.160475058203,4.92463930528,3.7306561472,0.0984220381254,1.56466538811,0.359966837183
5.73300967392,5.29115880879,3.53325515022,1.32650157791,2.59734761532,0.476966397593
2.42113819965,3.97634365735,4.78331416811,5.07465071481,0.171789097035,0.459316292633
5.82998666536,4.25091608765,1.48513628667,3.57439556186,5.91969641732,0.388757368823
3.53110785217,4.62493060726,3.27964331195,3.1376244447,5.48409974682,0.704703386617
3.96423918751,4.40293020609,5.79637030461,5.06611824445,3.75394974435,0.486501006193
6.01012411546,2.5311779556,5.49055221829,0.884735156486,1.13425888646,0.351631944266
0.684000674626,5.93600945648,3.51455688568,3.82188687512,0.369969739519,0.372559774476
1.26264723885,3.99991303891,5.19067839484,4.93229219388,5.74849192376,0.398323004241
4.25541074758,4.1433074064,4.33566963184,2.16360970544,3.36272092494,0.952531857893
0.882113709068,3.86638383544,1.34004470115,1.24648949751,0.250761118887,0.423287081321
4.11095217817,1.78339408435,3.81062845985,2.43293075197,5.7101821031,0.62351456384
1.08148642422,2.25526474822,1.16399361443,4.93712347962,5.63114618346,0.429523338239
4.04684620056,1.14131010848,1.80716453165,5.15545274715,3.32238179857,0.635995645064
5.4424980022,5.95357847193,2.44761328888,1.72091356026,1.72339971884,0.429916629892
5.47152225832,3.63084840849,5.93597974344,0.281838369593,0.409567535011,0.292183119413
4.31794867688,5.53910852521,5.7615945179,3.65840625765,4.8487742375,0.405483267831
0.0578593930415,5.66814833896,2.7576702248,2.37325729945,3.83074742841,0.456269357725
2.97444410204,3.57413184104,0.698838611999,3.26032266993,5.99126469799,0.509137578824
0.979272774354,2.44191720016,5.1190821465,2.23601816079,5.33745803083,0.501688624407
3.97010006062,0.752924344803,1.86788752326,1.38690376898,4.68078251978,0.564996294688
2.00488926979,5.33098007229,5.87762269107,3.18589986926,1.96129596421,0.480356063349
3.52190598243,4.73165074909,0.339482418879,3.87277549221,0.803409851841,0.477643894029
1.20423816766,2.79866549217,1.98699994168,4.05434931577,0.984814611267,0.691367384685
1.16790509803,1.94174670752,2.00163078468,4.55332751087,5.93608696904,0.464972550718
3.88451259753,2.39896558682,1.85745739965,1.01821792789,2.29308430138,0.842020282506
2.22105271604,4.042119565,1.71428547792,0.0699175736314,4.20297153308,0.544118267385
4.86679646811,3.60879459314,4.35364846477,0.898382229398,5.49230388939,0.469124566493
5.04728832205,0.405455466733,5.29037971613,5.49188971371,4.33353022395,0.342974256733
2.17433881062,4.17085771363,0.81685252857,3.89732335187,1.3408854564,0.650338516351
4.13949964661,4.28099323073,1.37611504246,1.6232047899,5.77257917206,0.496052272827
4.52931202585,2.66138204388,4.40007819248,3.89961626734,0.238289391338,0.560223108785
0.334460379722,5.8303553292,3.61177888877,1.30607490156,5.62067864901,0.330823212363
1.25040255995,0.240828702078,1.84846853251,2.63679070429,4.16553730237,0.540817077272
4.31097708224,1.47052818764,3.51814348042,1.14718040518,0.361383738335,0.50705686688
1.39601447988,1.92013004157,3.03220917134,5.97234301468,0.539008112542,0.423168828983
5.49327687985,5.62117927994,0.749515726937,4.51189002893,0.36912166697,0.30903282416
5.59178086877,0.437442966277,0.816017379164,1.32503632678,4.3971390497,0.359565978155
2.59340115613,0.336675498746,1.30146119427,0.807872581265,1.6096103033,0.456991183659
4.37541401051,1.92279927152,4.52408797846,3.78952826727,3.46118520037,0.891979820997
1.36145724879,2.0089721787,1.66514084079,1.65923394619,0.733698661601,0.575288499778
5.76096958156,0.671894118693,3.12117772751,2.06295375473,2.72395369982,0.525984383541
5.75224002234,3.57373098322,2.22345337751,5.17277216518,1.77821201957,0.507080831359
2.78607202479,4.31561219363,1.1612235367,5.42381845984,0.384424210442,0.437180789735
5.78713817035,2.33694181661,2.50967428109,1.26237766779,4.23019807409,0.556144966745
4.44803113185,0.558631837978,2.81363041912,2.47020769758,3.95173803218,0.700363908154
1.15114703847,3.58666396402,3.31896182089,1.85697311568,2.16797726643,0.920561031702
4.32348026879,0.250871851798,1.93363436311,4.01243374225,6.00267418037,0.392348950874
4.0970085226,0.0556588457156,5.65034377385,5.70142113997,0.197168425273,0.26990235934
0.147807194129,5.31501600117,4.07228414587,3.92604857121,4.33411074795,0.448802544121
4.18642000173,5.65966487604,5.03535051851,2.79413299483,5.40383161291,0.426532923165
1.0904049974,5.67483336273,5.73186308621,4.15766405637,3.40349813044,0.403757214068
2.19015944303,5.78942735533,3.64920011142,2.86669101023,4.21034584537,0.65185156528
3.44487791219,1.05506670572,2.281921757,0.559585598691,2.10395732699,0.615201638857
3.12483798405,0.945379332143,3.35208497709,1.81113871295,3.99658378945,0.849792045377
2.1564469383,1.3460231597,1.32302622422,4.31641579886,1.64833350601,0.674790466062
0.176493720619,5.63436638299,1.53615602025,5.57529464748,4.82598933758,0.312292201463
2.94757902573,4.78963873225,2.62892111357,0.282132600712,1.31014318153,0.538048834714
0.661470681518,2.13379342902,5.46406333849,3.78906193754,3.64582290936,0.54554340045
1.60371053175,4.42741148944,3.51035640971,0.8382981585,5.97113308697,0.439595642451
4.20661864424,4.49347786293,0.335597201629,1.04402122482,4.52133586779,0.456084475469
3.21844306518,4.70363171922,4.05055747232,2.84263793931,2.09923143146,1.01113295377
5.05340386888,4.95649112983,3.98517247874,0.476867606322,0.426547204052,0.370318989685
4.10960678224,2.72740986459,3.63992359146,2.21477933092,1.11589548257,0.918994653159
3.99460180696,2.4128601749,1.05773550689,4.56004040613,2.98556145512,0.797429608135
3.29717795583,4.39074196473,4.85439643897,0.625730801412,3.69419947424,0.60312425941
4.40040178297,1.46980875654,4.17754196412,5.96933726166,3.18631411976,0.511747360307
0.808812111174,5.35254177186,3.25748907173,0.36059068829,4.00738355089,0.427654520639
5.69542595938,1.71923910904,2.63714949202,5.54041340935,4.18804419494,0.456569315228
0.444971686762,1.59796274959,4.22776873039,3.11609040423,0.404148842032,0.459702176148
5.71874387391,0.895016262656,5.62677788537,5.4316376527,3.6744529351,0.33233372576
4.97398051254,1.58063388589,2.31837339371,4.03065894273,4.07073420647,0.736130727116
4.41149799945,5.73561685505,4.96995354499,3.30184156016,0.469199469268,0.402370723183
4.39583360606,4.38979018727,4.28938182367,0.87242508747,2.5087173228,0.653154750491
4.42340735268,3.18041142724,0.292526071794,2.58652605688,5.76549700534,0.45028846354
1.61086288533,2.78026863499,1.17461052421,0.86235514284,4.74464343623,0.557931824722
4.91197782751,0.823698930008,2.71443926826,0.746202069669,0.597959829665,0.411135310743
2.70033567673,6.00326796624,1.81880368439,5.94494280218,0.948146332939,0.352268548702
5.02874619964,3.23352943046,1.57227252269,2.65437053712,3.66117182058,0.849952685639
3.57541167565,2.3278604011,3.9697251044,3.5278188989,3.01411818418,1.42815744079
3.88324481626,4.50004889767,0.406709019123,6.03941478632,0.579160893328,0.334964269493
5.98187445975,2.98479019597,1.56102223848,4.29219380132,5.69790510977,0.401430369764
5.0076692176,5.16850579664,1.32710973752,3.40747259261,5.39514459586,0.44574271554
2.57610677985,3.30277357493,5.55500829882,5.77241198748,4.38687059053,0.467091031979
1.04418865762,1.74048966457,1.78911836823,2.53928199863,2.89327201567,0.826347217831
4.03331370985,3.72373646755,3.10443766829,1.18008831491,1.8512699927,0.890147114194
3.66792053068,5.3491033377,3.21498386185,5.63762044139,1.19752926243,0.471329836972
5.55947599868,0.131884866484,1.85371410645,0.644840759701,3.58395716064,0.370662037886
2.19056234932,2.30283326064,2.41359955062,2.79702242006,3.59760513944,1.45276451096
4.11364113522,3.73792584664,1.96498537945,4.51070040592,5.16708324471,0.674106469506
0.0844999817661,4.30267979554,0.944449188824,3.3830470654,5.24841723409,0.406099463585
3.80594340806,3.48065099966,2.65519051258,5.12691913776,1.93562028363,0.857915990767
2.99674011771,0.70478813763,1.3400437461,2.29056725988,3.44743163993,0.728493801031
0.929123127213,4.89168493897,2.72434967317,5.00276190677,5.58663054457,0.422927780054
4.44361978792,5.79209734764,4.81625278277,4.72227815736,5.77989604517,0.346348126919
0.202531973376,1.23958846891,4.58761987192,5.28600399161,0.201350227047,0.317423357513
0.267422262057,0.494067101614,5.70123380989,2.88519376453,0.951056541476,0.330527216226
0.995222114053,4.32215407733,0.634229312059,3.6822468811,0.856434186882,0.466756833251
1.84335877802,0.470407252268,1.40313660085,3.53561627586,0.957848537242,0.50648558609
3.17868982782,3.57427018906,3.11414898975,0.611080262903,3.88604318296,0.842690262014
0.430360804451,0.994231551476,5.2979504483,6.02150289204,0.267350647937,0.266641203248
5.56685169966,5.89596266871,6.04451594435,1.2991861693,1.62511936453,0.293880215955
1.30224274421,0.783467549082,4.82576285311,2.24288674447,3.02608806185,0.598705352241
3.08449455953,4.79439007302,1.71848099156,2.59908462759,5.59853138673,0.595863591077
0.87092776874,0.067081105572,1.3409180714,5.80993322861,2.11198940146,0.338159978339
3.6505671635,3.53800825456,3.83728444269,0.209704997985,0.277891045914,0.462762451627
2.15171703097,4.67911827883,1.94599640597,5.25983973219,2.19420478517,0.649092390261
2.36764651247,1.83889733013,5.69420520474,2.81611099124,1.74503501182,0.640388359472
1.03159338966,1.95470466344,0.13023415345,0.33378906593,4.62637282474,0.35769738712
5.11248048615,1.56077438072,0.720547748519,1.67816031312,3.52044760489,0.533391007222
5.69396275635,5.49347304839,2.35226331539,1.48816812879,2.08264969619,0.454100164442
5.22488241342,3.94682780612,5.96231690314,3.84028402572,3.94344510857,0.471296355308
2.2745127219,4.30150140845,0.0848818791725,1.71763083928,3.60301250936,0.564135233964
4.66392454503,0.244407522938,0.29192533875,3.35265171456,5.71112110981,0.331453505099
5.865010219,4.45967938396,4.17398342019,2.28100700891,2.56906595679,0.574058098654
4.53971893243,5.06870516577,5.81078954671,4.9786464478,2.61139184871,0.423426110713
2.95898305769,5.1026904626,3.59594374372,0.250320250488,2.44212821029,0.566569086508
3.61453314625,1.35030506205,1.56989850737,3.89735941435,5.81811483746,0.529342519546
0.468084791009,1.13451991547,1.2830722397,5.4496255225,1.21691557821,0.370116679223
2.22872807789,2.41166303051,1.46277875144,4.16488077954,4.90372322439,0.752719616612
2.10297257202,4.02609601075,4.04687624947,2.98241646942,2.95081188981,1.25687988361
4.37649635671,1.66942286154,5.20049200182,0.587639329282,3.64823738613,0.50640504889
2.77161526621,0.347181604475,4.93073363514,1.44841887222,4.26294397707,0.504546751267
5.97441990475,3.65212004881,4.18076229045,1.4744427259,5.24108203946,0.43447266688
0.897472472227,5.04288563628,3.53701068417,3.79813178523,4.46867989023,0.599649115221
3.07072847291,1.61799252102,5.84817322011,0.925509346435,1.75088009566,0.478678467068
1.99984984507,0.572468316446,1.08746738897,3.62507219239,5.08414627616,0.492966056116
6.03133195478,3.97454772268,5.76292519694,3.97312956981,4.63909106348,0.378700763242
4.59110281775,2.24323583543,0.291850960576,4.17287455736,5.33772524134,0.448853876636
3.69942780012,4.53264131198,1.42960893638,4.84832078421,2.62015034684,0.721246140773
4.15250563251,2.19648188864,4.98411129602,2.95435525574,0.111695718547,0.519345805544
5.87984580322,0.97571645296,5.82909732774,4.70458274037,4.29746630272,0.333510666019
5.07612264432,0.760963249712,1.40545223061,2.28511768486,5.6165034517,0.412825660529
5.67346379343,4.56513806228,1.65696435046,4.56826561851,1.38877129214,0.466063025106
5.86802113812,3.10800192674,3.32602785774,4.13506225283,4.70250956749,0.570437347742
3.01222325057,2.20148912374,0.594547926423,0.493677354753,3.83833647188,0.543229380689
0.884085805162,2.20011633809,5.06767634598,3.26908356856,4.75062038235,0.570474415018
4.77043753959,4.11985518484,5.82059796202,4.84078396455,1.97360752204,0.459004796662
5.69079113638,3.52061435476,4.15091669225,0.886766507004,3.42358542896,0.541090818495
1.11210195561,0.554848263381,0.620655464482,4.09196861999,4.3422847204,0.431065508374
0.0771898816586,5.42263445979,2.06341229851,4.15875070851,0.217309254232,0.3404227016
2.80797242894,5.02422589332,1.24412249157,0.996954928495,1.13876398829,0.507772475063
4.67562917262,3.5082938589,5.88731477286,3.38498062288,1.00310074658,0.486890495868
3.77054454603,0.265829665182,5.58635243902,3.78071151433,1.75591128804,0.456289466559
4.94414091996,0.529780079791,2.71155970449,1.4555096488,2.59687540164,0.571010002768
2.1776750889,5.20123486137,1.60237124382,1.53090484923,2.2055858018,0.6551210837
1.21338930724,0.0992394798286,2.98608014323,3.66818775853,5.55827777695,0.423767541783
1.6731657445,2.28141213775,0.329359636682,4.2228603512,4.63038299308,0.538714335339
4.81944395904,0.741577729569,3.57809793873,4.20569774105,0.0518507636791,0.418579300935
0.255633461656,5.38588145429,6.04845706236,2.53119726371,4.91573825077,0.318401395513
2.43190456075,1.70239106586,5.27576663754,2.9562595219,4.74327137344,0.656747870417
0.771686291925,5.39499843864,5.23172601107,2.13299857806,4.19672384954,0.437333595928
5.49523852782,0.748281918584,1.10021850083,5.84788040827,5.34924482402,0.298195973079
3.74887303791,2.70621898815,2.37168194583,4.61521511073,1.94239398076,1.02360934137
5.96346728884,2.22436069688,0.664987834357,5.19080071204,3.33772176506,0.404045297237
2.72205223901,1.97071552619,2.39013841669,3.97602532224,5.21158045324,0.809564114841
1.5583497689,0.256806917946,5.27170813868,4.36462896918,0.285871665776,0.344912906007
0.665727238307,2.32094785538,2.55348471275,4.18839305649,0.0727595307313,0.474150907831
2.2560225131,1.59148013632,5.77290706762,2.13762092169,5.26021190419,0.474412562259
6.00729569298,1.14631010677,0.867571147796,4.05746341289,3.80982539919,0.42014525119
3.79203951284,1.94454754602,5.53258200494,5.30186968007,1.74471231336,0.499260363632
2.84031132141,1.86810726332,1.4349799151,1.75097194012,3.97077159175,0.888222675671
5.88859593615,2.09552545549,1.56720038437,1.11808901918,0.960357398541,0.418117773949
0.0844286673718,3.43201198594,2.87476883335,5.5775390178,0.258974397924,0.358940094086
2.5524645701,0.121404474752,0.889038871128,0.756126737059,4.38009341843,0.401890781825
2.82781434862,5.93829226632,1.17740407044,4.26299019956,1.37538868543,0.47126305225
5.32382518747,4.57296090178,1.5961405232,0.799890518959,2.27656501925,0.494828281654
4.75926216345,2.43142328366,5.03567165215,5.64741224595,2.13249618421,0.492038899472
1.19569879462,4.90299166332,3.21578907864,0.509599136373,4.39393526958,0.498290935982
3.07138116682,0.373486819093,0.553504090098,4.40121903998,0.824139371261,0.406722417586
4.71152355488,2.2911142433,5.2854817883,3.44517176748,4.03102236129,0.670401072752
3.27308818597,1.03367616055,4.30555545908,3.29700582428,5.97120707339,0.51120130005
3.34640982173,3.73049364845,4.41843945059,3.26279874919,1.88354473255,1.11344603754
0.296331625679,2.88736154368,4.62076864671,1.64500351946,1.65756313144,0.537994421897
4.70266657239,5.02508829982,5.91077517419,2.27591851665,3.40760443978,0.472520486808
4.52527353541,5.17616124851,4.20242757864,5.74229861148,5.05918737102,0.395750846546
5.65438989991,3.87024289918,6.04095737142,2.71239981786,2.72834282358,0.450307616417
2.69232199009,2.01604914841,4.80418475415,2.75447028434,0.965617203792,0.739814281399
1.44378398434,5.96900896321,5.80926243256,1.17503531843,1.60998323639,0.340235340439
4.08298793397,1.78914870926,5.34097073806,2.3172741214,4.46139670923,0.636093361806
1.81255273982,0.50266868806,5.90100720917,5.00642994422,2.87629741062,0.398349225566
0.370007112061,5.85023730506,2.69779993334,5.34899998191,3.5379223954,0.385516877511
1.53321406816,3.9396074727,2.79279894194,1.02990703606,1.57877322722,0.715389085581
2.58862251549,4.58421504017,1.10692663972,2.58201300841,4.84417051727,0.673928311728
3.21903380777,3.19286887921,0.887003261102,2.09177413944,4.75236348856,0.743738754861
3.72367361978,5.68829506765,5.69198165612,1.54468763414,3.10080201566,0.451967304758
5.43782349606,4.52671111416,2.65315359586,5.91369357611,5.27476572463,0.369572340367
3.58948091607,0.542532231657,1.35313356823,0.555623053321,3.11480143268,0.49783534587
3.81126958286,3.72405924595,5.73529763186,3.91975032841,4.77634918892,0.566070940604
4.94643350127,1.9048984577,2.30427130389,5.86572171289,5.37209230125,0.411335213801
5.01350304537,3.25619473966,4.54554010053,0.850280018204,1.55997997305,0.549345565926
5.37461215388,0.107958071267,1.10973861024,5.44452788669,0.44689853548,0.285145451518
1.99176100944,3.87823995124,5.53798310982,1.33877838088,5.11861408444,0.488343426839
3.33786046687,3.09030816771,2.72342645093,5.81505032191,2.88220037826,0.76119818127
5.21911583764,2.45455175338,2.52348260399,5.98286587909,3.04958258005,0.516822441145
3.36356426262,0.736060008883,5.99991250336,3.97938386469,3.06244763115,0.494555665526
4.1960444869,4.99142541528,0.318883380683,1.65455760872,2.62868666585,0.511960085238
3.91799372774,0.973752988055,0.274471724976,2.11456295997,3.39463315233,0.545952020142
3.67707587029,5.79532153853,1.87613641115,0.397301021993,2.01318606655,0.448769237302
2.37996927277,1.44930252401,4.14431074776,0.544451606159,3.49131332006,0.65063271075
1.80266854202,3.15040398958,0.365321466686,0.407527795685,1.06911163725,0.419340012471
0.819358094369,5.12666622251,3.85798128726,0.163138212388,0.327879701615,0.331103331175
1.92606576383,0.916021376412,1.14814745977,2.37447976245,1.02167579405,0.548525238326
3.07834664433,5.00797399715,4.72286399684,5.89917255335,4.42825184527,0.445405273707
5.86364297488,0.869697148867,3.94498238125,0.429223120545,5.77746178689,0.303445740777
1.66234037439,5.53493289358,2.79676632047,5.95833430357,1.21912509971,0.397144069645
4.59680339997,4.98361441905,5.28551196339,4.7482911008,4.50817184667,0.453737465913
4.18241897934,1.72658306209,0.502841316782,5.91869063561,0.965705093571,0.371572923167
4.91688332263,4.47316705889,5.94601532574,3.59643372747,4.7192822963,0.437917834573
0.58660403601,4.68868231008,1.75980013085,2.86210016332,5.79305998283,0.434132840724
1.55754476753,3.04404021136,0.879248050863,5.67564469202,3.45559253203,0.527792370833
1.81067347354,2.51056240796,1.36245945725,6.0112348917,1.80498659138,0.504256469401
2.15519550769,0.791218797798,5.087725675,3.06063754337,2.18552181153,0.640284423371
1.7228030217,2.82890743989,3.53664117018,5.51859870364,1.2097267662,0.606174265107
4.79976711567,4.82886603052,2.0658918064,0.169449475191,2.28748010752,0.476731416149
4.99282311799,1.71157882389,2.01300672246,4.63975821885,5.38652038803,0.500254744341
1.8018926472,5.27804864373,5.72358556021,3.94288162205,0.691944876825,0.395898031442
0.994837823296,2.57019990368,4.45691569668,3.4281361891,4.69562245765,0.695098853938
2.25105724803,3.85399552422,1.39442873471,0.826648827361,4.97392523842,0.5718233303
2.21775685216,1.68735989427,3.65728371802,3.88797694884,0.115703619189,0.592605974091
5.20329398971,5.09194454198,2.02466455785,0.60689835521,2.43212633481,0.47099979872
1.11790158841,0.912011594995,4.86458020016,5.6471805141,1.87950181488,0.405815659971
4.74360754446,0.251125110036,4.33744556154,4.83407263418,0.794064679609,0.39039298876
1.53324343837,3.74729141768,1.04697133126,3.83147069403,3.14925273128,0.817142996697
5.24662093442,2.92081416062,3.34654677138,0.0501218218114,1.54309320714,0.476235166232
2.74444310012,0.999309388403,5.40933033296,3.27797765234,0.05033165219,0.422819396348
4.71245456208,0.530461140796,2.55537862622,2.92616174082,0.704562057435,0.512733784374
1.76492740679,3.94336190014,2.37381463249,1.40099261566,4.3650655558,0.817817115036
3.42772568618,4.26690322018,1.44468926767,1.14795774183,0.40635508893,0.516421187869
4.01564244853,0.705767786749,2.04463539439,3.67416043534,2.05638327902,0.737862673499
5.18818738421,1.3350328964,1.26972819888,3.81125166239,0.60291563398,0.455409434392
4.35557165093,4.64108404263,3.04275096076,1.34834189453,2.13468884383,0.768681051424
0.380938997145,4.11636177078,1.58830583144,4.00055732105,1.06085317343,0.503523913793
1.48670170364,3.69677296085,1.86999714508,4.88803206268,1.09087334806,0.614934279608
1.13133062328,3.49692916486,2.34445684495,4.84542326021,1.78864797221,0.71217151071
1.03011633973,0.0742807544061,4.80353347886,2.98645643392,0.360369587874,0.361521921969
2.30741483144,5.26788494391,4.62844108859,3.03939400337,2.79120364126,0.750753877739
4.55416033467,2.56271064564,1.01779711495,3.95197801125,3.50006358153,0.78789228142
1.02873959856,5.31425127419,4.99904369223,4.77744081119,1.61848142233,0.42907973546
5.44495228926,3.74128386723,4.40255174508,0.440898161855,5.39283980238,0.38806122796
2.13204739842,2.43021792421,0.973797775119,4.42943335786,5.29099110697,0.572232680464
2.48268548771,5.58605466139,0.864123978434,3.98057110068,2.91004630051,0.571857603597
4.16337225432,3.8038050993,3.62724548978,0.461338796668,4.25864076723,0.648426354195
4.27325815249,5.75399111214,0.918089296724,2.01059078252,4.11558550606,0.481615132967
0.776670083209,5.4015601319,4.48739514409,1.68856481273,0.680465684873,0.399630214327
3.36639487524,5.38581949441,4.74576878771,3.82333106153,2.39145873127,0.670138653363
3.1962635229,0.918371811803,5.91530339569,2.65584359057,4.61402747439,0.485573195592
3.64191721004,2.05916172411,0.34056748252,4.55423411846,4.84276245234,0.521342923458
5.54038260983,5.83542723949,0.210344327808,1.34673279353,3.47787567994,0.330720335929
3.20928236663,4.08819614988,5.44966746044,4.14118837178,1.68250022132,0.655009368731
4.40710783047,0.330699206817,1.06223805608,0.470714944048,4.5480806608,0.375179938892
1.78444751097,5.13876313248,6.01897884626,4.77005940248,0.743498331092,0.352224061524
0.585850622433,3.35543769401,2.37534566245,5.1270123188,1.91402047365,0.586572906857
2.65813594534,3.32735492759,4.03687052742,1.73485665024,5.24746509577,0.772151889723
1.13042997731,0.612861059556,0.511502589729,2.47142576257,2.3336048593,0.473713250053
0.782478755545,0.715427542667,0.559470771659,2.86217634905,0.453727173121,0.362379823268
0.608353644997,0.106881298114,1.76494499635,0.735046598157,3.85507372688,0.377691515234
0.927898542293,4.20649706875,5.31942574657,2.40643391412,5.99538693849,0.392871132794
0.58007817961,0.959224175919,0.111897257325,2.64222930635,4.31624644471,0.396472511029
3.24920066129,3.13247549405,4.53681558153,3.2664737846,3.63279974202,1.26375971321
1.29194108194,4.98364472654,2.84960018775,4.47198824877,1.13916715759,0.571285585368
2.64666898814,3.93979934397,3.136055383,1.31328954648,2.57982163044,1.10520212409
1.28381102935,3.2047733475,1.61205962634,1.99007688338,4.69044535845,0.725101883027
2.7415588513,2.51025740362,0.666366446416,5.47536167342,5.44681030368,0.437315592383
3.60159942998,1.10060045177,4.96203706664,1.18570543576,0.923604835991,0.489660533543
2.15307281217,3.38986338758,0.463117280183,1.76536281402,3.01133816103,0.723091387353
0.505691936706,2.34350588723,1.64002479056,5.98820639963,3.23818588396,0.444677656983
1.436345038,1.9045571697,2.4378851888,4.02530093908,4.47878165581,0.81973783805
3.0305036252,1.8041468862,5.49350440977,0.426961423958,2.79452389636,0.517831332259
2.51641049527,3.30059593636,2.63503320654,5.32141534557,2.44872319231,0.896837434575
0.989198648318,2.52859293974,4.28306020403,0.298653865264,5.96108348386,0.370685088634
0.29614397996,2.4792389244,5.92163433495,1.38018541427,1.65522472257,0.391386422393
1.22519784625,2.28726386278,0.872596077483,5.67042050008,3.01152362967,0.492246105453
2.21537603202,1.75313025547,5.96218906527,0.932058020749,5.96950872081,0.344361521839
2.81746988232,1.31515249577,1.56899469267,2.80096468524,4.72783383067,0.772509218194
1.64050774982,4.31857432321,5.75485174453,1.04936771806,3.02380087874,0.500460465174
0.759877333008,1.18591029061,3.2151951809,1.47226313092,3.49922415064,0.627408279369
3.51853697062,3.74144900647,0.908018405207,2.88784827163,0.427771085457,0.594390599993
0.874598721542,5.36381485756,2.34569809303,4.60759675682,4.10797413802,0.516928469571
2.02033782237,2.02732105105,5.3256421792,4.9583968133,5.58275563347,0.438204440358
4.4915783243,1.6477411683,3.97356874172,4.73242371872,5.47032648866,0.523421794722
1.65808022845,3.40201121537,3.78572732958,5.86970094581,1.36089805664,0.540494735041
1.15633306039,1.77714258523,0.38382326296,2.62381138904,0.337764245898,0.417224951168
3.29530304109,5.59032871971,5.5675224413,4.97522321249,3.86431374302,0.434070671753
0.619522834886,1.71939472132,5.28359209314,4.53104337708,3.44608051731,0.498392785148
0.506290381375,1.60647832849,5.9962385437,4.76446987129,4.70037977782,0.355333435365
5.47735560264,5.17693552852,5.86257735915,5.8360402696,2.72119070857,0.310640551805
4.00543406161,3.22923229605,5.08703088387,3.51339541412,2.0705249386,0.866052677252
0.0700408837537,2.78689765412,2.75880947394,4.10054397604,2.01057420271,0.629786124438
5.50911853886,0.268798574591,2.20553244782,2.60041927015,1.19410647467,0.438457416686
3.29689658866,3.97137813359,3.57066847912,3.92560914283,4.47330107119,1.06555804218
2.93680401158,5.05714804175,0.219249335888,0.457738226724,3.05407612462,0.426722284749
5.06785419039,1.6506200757,0.931252827529,5.42724297739,4.11407862847,0.444261968123
4.00778623194,1.33080930624,0.920139833093,0.759749234687,0.0964142255594,0.376262603494
0.476863629159,2.38780523838,4.22733863384,3.47064655469,1.22595584153,0.601825919989
0.591032020401,2.17975428686,4.37572224169,2.79233411516,1.45991809015,0.633572278397
0.23555516304,4.21461899674,3.06841479495,0.989248293226,5.13900516499,0.439742122253
2.12339599343,2.21436067056,3.27103431939,5.7262989753,1.13048308722,0.575144897049
4.64378986843,1.12832945014,3.61130993184,4.06051714745,0.47846262016,0.524610997301
0.668254475477,2.84958287558,5.7671823483,4.72349098565,2.38148506438,0.465767431592
1.03904841484,4.62005394023,4.2590703571,1.06562082061,2.4361202188,0.584284593007
4.88616738624,5.17874185171,1.87980374325,3.4353673051,2.63158166979,0.671832617189
0.709167872681,5.79052037883,2.53387424576,3.99588947673,3.50766767964,0.512775510542
2.98666500559,4.37899742023,5.03561453533,1.77957868886,3.01153577423,0.797759922413
5.55310525623,0.430454766149,2.9274543037,0.632026258888,5.59595773575,0.328165080723
3.32832635105,2.3711170229,0.508082630127,2.45378347382,1.01569883917,0.627008474288
3.53648707645,3.78308482556,4.37505710393,0.0593313828835,5.23653533894,0.466386488
0.328597955217,4.80195746886,2.29396517403,4.38538199751,5.60618157213,0.406613314338
2.31087680451,3.28415731556,5.3961059477,0.82399220951,1.19157029017,0.518070619467
5.15614381699,4.39620383211,5.25479012732,1.03660045173,5.905328923,0.345085879947
4.64382370927,3.19264354716,5.01112216466,3.83929855762,2.02942994801,0.744584529908
2.87823456778,0.429870786847,5.37472689262,2.79958948943,2.17783486393,0.556302277289
0.363757382489,1.25930984337,2.89778572742,3.48959963148,4.53128290349,0.568997804777
5.33429130696,0.359044810355,5.20734860602,4.47953511089,2.98291376264,0.408408907898
5.62491163737,5.99906525301,4.78166848844,5.93217484156,2.55856722034,0.304400953195
3.09593551652,3.49839020064,2.80397665371,2.19960513148,2.30454788048,1.55755787766
3.43860398691,4.38638552152,0.925666839811,5.66860370501,5.84888329619,0.375165850025
3.15959839508,0.225941225447,2.35707904146,3.70543511549,4.262112664,0.656823588497
1.83973420895,5.0969258161,5.88850688385,2.44042602377,5.77545993488,0.368961654451
4.62857895821,3.50990797034,4.61221662488,1.20939704158,2.4448640377,0.712964036923
3.07191223203,1.43828976738,0.974740696767,1.68680004587,5.74300369327,0.480899886506
1.64857612846,2.66036098526,4.19675780324,2.87680636823,5.14197267088,0.770584984954
3.11433069048,0.359487465211,1.50958027135,2.91340906307,5.96748388576,0.434401326656
3.93579075551,1.80870626082,5.22908777878,3.67970004019,0.784454560741,0.567075017445
0.15849124555,4.36273780625,5.60575883493,2.34880988202,2.70386501844,0.449782868675
5.92849756482,0.0771049814935,2.12663150782,0.953957329918,2.63934248678,0.367666655333
5.14479888588,0.602195000485,5.7293069749,5.66035825204,4.09290185456,0.321846750136
5.52458366619,0.0959274737316,0.430771779029,4.35167980535,5.38856374151,0.294634395751
3.91233957288,3.48133977461,1.43584749273,3.46449687447,1.67146133138,0.953161920492
3.25005675761,0.564804168216,1.5017688515,3.04196009507,5.57685687226,0.503034412099
5.91284962992,5.08786140786,5.19128012607,3.31933419671,1.97292177897,0.42012515767
5.83214141437,4.18763414351,3.33379038836,1.0522906262,1.90502353446,0.511889631339
3.44119997616,0.911829909924,5.26358589361,0.743425657158,1.0054546457,0.421065542301
0.294307129451,5.30549389032,1.35589890495,2.8480338878,5.86674803401,0.349889125875
1.01546927874,0.0644717028449,3.36815369332,1.43794747529,3.53522125991,0.489771235594
1.23622860021,3.1595947247,4.90248595197,4.61842931351,2.53062186521,0.685145398893
1.84758726328,2.8232640803,1.71937807643,0.377420267072,2.54691088336,0.663020169975
5.25590934884,1.62646177303,4.40126592748,2.86731288789,1.10468353564,0.569829440495
2.47978141708,3.51618276729,3.81030333881,1.23698310442,0.551576745549,0.653737117963
3.61637510091,1.05232508584,5.05370396837,3.6337654111,3.98412239545,0.677451178564
3.14300076658,1.07713846854,5.86526658865,5.34469267921,5.51076653031,0.348078754091
2.11343587562,2.4740318461,1.99835052019,4.05359999638,3.07517459688,1.22224521019
3.63739230898,2.75021042384,3.17909528506,4.36736626197,1.19008579643,0.939300625119
5.09326704078,5.91621368373,1.12130953813,5.23870443869,4.00606505147,0.36443797536
5.68477476628,0.30852463883,0.252562619856,2.48395975548,4.04894680751,0.35252162271
3.81250431811,0.915948689274,2.10360542697,2.41536669156,2.34789894274,0.864006406224
5.44991507641,3.99665484344,0.87950804955,4.11301289336,1.70254720103,0.515090282271
0.458326099548,4.7769925464,0.339198942281,1.93612678424,4.69689034844,0.388969841116
4.33194532018,3.66910356569,5.22156410878,2.59578029463,4.61511927294,0.669831448649
1.61100071869,2.82583640807,4.90320085199,4.37044683101,6.04669971595,0.459932325798
3.00084589638,0.0758447024401,5.66130687316,5.67895376904,3.55177600439,0.355688481892
3.34423849178,2.45127288647,2.72850126644,5.57342951351,4.22328115642,0.734631361573
0.225110628651,5.06881112494,2.29973050523,0.92818144574,0.605264608349,0.363668663007
2.36998535188,5.63750599467,1.22972602345,3.97482702833,2.13733107373,0.582014189219
5.31595318844,5.3406555933,4.074101918,4.41771415266,2.31134142685,0.513342628165
1.8438530436,5.52853440568,5.63325868729,2.0142362191,1.24590565027,0.42171333547
1.43613028027,1.39458088901,0.875196257229,5.66167299969,0.821572807001,0.379249037573
5.22451057435,0.127392243553,1.06049847188,1.51047853298,2.41291929789,0.407741764389
4.25232476084,0.643755535466,3.81225249528,5.89971573059,4.29148463991,0.437517218903
3.57981045813,1.31768672023,5.88274295228,4.18291854163,2.78214309767,0.557932254791
5.62725749665,0.587554874266,2.0439784873,4.65139017261,5.52734164534,0.360348727062
1.03410660157,0.959273626906,1.05672973577,5.90756557462,1.55436058804,0.365638584787
1.04649636937,4.60809839541,4.26623096359,5.65809417531,3.34941552506,0.495219801937
1.71452706196,5.91537665385,5.18254989021,4.93419295367,5.50504939609,0.334093277601
5.71058925656,2.67498093237,2.25577389834,4.93898767282,3.87180937839,0.570563636403
0.527828843621,1.04676335689,0.748983386155,0.17472295617,4.70601248971,0.323765958648
1.1618279006,0.759074232527,5.48295351285,3.20060427029,5.77076670483,0.366527622621
1.54405843256,2.6695930246,4.1095449524,4.93546683205,5.28469102755,0.573859454246
1.89201031567,1.27501123384,6.04182678643,2.22996762423,2.09359902464,0.503259861464
2.53447863719,5.58688944884,0.537277182927,1.14410208402,0.667345473842,0.372309897457
2.68554372024,3.26291651907,3.37232730443,1.20779646193,1.9770417124,1.04547036561
2.32770985006,3.30828035442,1.95126670841,5.46701721451,1.96291147037,0.724187483477
2.87720499939,5.59467041717,1.41689023492,5.6300670457,5.27842947117,0.37933211643
3.0507802734,4.93606800096,5.91751319674,5.39771597298,1.9213638684,0.41364500738
1.58763999124,2.64420264389,2.76254747967,5.80472804232,2.17909287325,0.636208233355
1.33035663486,5.6303000513,5.32176622589,4.21881539172,1.21944031944,0.403996503585
4.81724357158,5.66531070535,1.44477292312,3.39756026231,3.87042129537,0.533598737981
4.92371609418,1.05009736078,4.56409383557,4.773377559,4.39093639787,0.499281896089
2.90356903234,3.44455954645,1.74980564746,3.01639814986,0.216452687802,0.688784805903
2.03662700403,2.48292424461,2.32627044867,1.22406992453,5.82521784713,0.562266838411
1.81529001542,2.40901676089,3.36123432063,1.89245753417,2.01863345623,1.10216887486
4.47084040211,2.38864236457,1.46829335098,4.19346178431,3.07098440093,0.88396659193
2.54337432699,5.02897285333,0.341165687755,1.39457499831,3.93193997022,0.504018557882
2.77757000633,2.45444291685,2.40723258134,5.25865206168,0.56791821072,0.598264608663
1.44575823635,3.19375281972,1.2744375563,5.29314854646,5.27364771816,0.479414480021
5.68981574111,4.2290138316,2.79945409602,0.518264426648,1.59659764317,0.456321957197
2.07207897805,2.803792692,3.25776284173,3.11311660838,0.539514206588,0.831064380756
1.73465840291,1.96599142284,1.44858472499,5.90587453764,1.06770463015,0.449336729385
4.39658018165,1.35566316401,2.30477230695,3.76265610796,3.55900699055,0.906474121546
4.53579011428,1.35163771822,3.04530466084,0.367483987295,0.430339753089,0.423529676705
4.19838969835,2.18434881415,4.68336027378,3.3384860543,0.675816988121,0.647185267504
2.32188358701,3.56540280051,0.226728963569,3.85623711681,2.4152451906,0.687491488523
4.16421762675,1.52709750345,2.32854458065,2.81093021159,0.643346732917,0.686565210724
4.08048273411,0.569844027875,1.73508139916,1.28633502812,0.526871221373,0.440022053722
4.95036772516,3.46193349043,1.12762567496,1.25610513759,5.86350836083,0.420805430984
5.73818151853,3.93864111713,3.52276590992,1.29211438882,4.2104172112,0.554509613098
5.3982190689,0.84870814921,1.52674398671,5.10114246107,1.87439671345,0.430444902917
5.4894600945,3.46880607733,4.55709297126,4.12468227821,0.62592911145,0.482093782691
4.53776071784,4.00672730878,3.54886196413,0.809641837029,4.09860307256,0.681010799481
1.57633439299,3.1263996301,3.32482590111,4.99514331442,3.51503331067,0.877641915599
1.67555595432,1.17470358823,3.05960394123,0.7071813653,5.98274234751,0.412487126183
6.02901297752,0.31966860621,1.65742138412,4.45613119761,4.69641254378,0.355116827854
2.17395297903,4.52704048179,4.02340560357,5.8929241316,2.34905139096,0.560088869244
5.49735734528,5.08235900958,0.102644638976,3.71465876574,3.0139610696,0.408519879721
1.80914864485,4.60160332528,1.56565582079,3.87738719032,5.82754288907,0.504912534964
4.85146249691,2.85558321642,4.1775278296,4.30242011023,4.8501174747,0.6686917243
0.759791359647,1.44558396399,1.61305597163,1.39518405725,2.87032236837,0.58994933286
3.53522145686,4.55480556444,5.31400958505,0.996943853202,2.62245351925,0.580946196934
0.117879993454,3.16407503297,4.03544584088,5.66675561547,4.1039279383,0.439832520082
5.47390568432,1.48027856945,4.46088845497,3.86155078382,4.83892979022,0.507926441881
5.22084855688,2.7831121381,5.41427029145,0.744315798883,2.00247470671,0.45680711439
3.42088749017,4.40449854032,2.64413252779,4.83630739847,4.39066788864,0.794761812314
4.83685591482,4.50680182056,1.81899788858,3.76201834009,4.92346966982,0.612757680342
0.569973748272,1.01792937169,2.9108481772,1.06117471386,1.98617913148,0.509464426341
5.41702339767,1.76627127916,4.19602314369,1.7986376189,5.19540708091,0.498563045494
1.63371073839,1.05000505896,5.48189502137,5.41873896723,0.526625576054,0.34725949539
5.0393026048,2.24805496875,4.11523103826,2.02418881021,0.20457584967,0.506726275176
0.759681035676,2.57119143351,4.95244831969,1.00565343159,1.05788093566,0.459470033803
5.98382546075,0.757573248731,3.48790970423,5.77091523639,2.09670847042,0.361485134981
3.86917966631,3.52786270174,0.728295327502,5.56388104785,0.420398715775,0.409457095305
2.08856749972,5.16952488017,4.58461066797,5.9637787362,3.19849959152,0.45720713028
2.87515637422,1.91042008617,0.43633900046,0.723792676734,2.01241075122,0.528217920474
0.263632806612,5.55526847528,0.996883866251,3.83664473138,5.03087482437,0.359014816789
3.31213663059,1.65739585503,1.76752808189,1.04160349394,2.23243587522,0.778605554086
1.13423636695,2.70921602996,0.613759186807,2.26194291079,1.02951466962,0.535122349395
2.48504879584,5.47848521834,4.0094460989,2.81356484201,5.30839297516,0.562098338285
1.47543597635,3.2827080089,3.4948216601,0.383573759515,5.47299673573,0.485190367445
0.751334430685,3.20732001309,1.53250829493,6.01877587044,4.05430687759,0.444887728937
5.99410635273,0.342395216127,4.02309409434,3.02231285307,1.57498529482,0.41484442213
1.54463594168,5.19294532099,5.74367861586,2.87941465068,0.354548804825,0.377817304448
5.92344989659,5.96074728416,4.57305015953,4.13625137858,5.42436969929,0.31293315604
2.00256199037,1.73713932208,1.81541805699,0.0996930714529,0.386767076842,0.412648490896
1.20356704265,2.86371278085,5.74685569831,4.16902024216,5.20762604252,0.453902092196
0.695561301569,5.60760877664,5.65809104078,3.19625721842,1.03329430108,0.356100532699
1.77322648938,5.903217265,0.442722264403,3.97301249888,5.9276227254,0.322673894832
5.29762942011,0.906820397004,3.16895813495,5.05917828712,3.68617604964,0.515461222164
5.46173369174,3.85132654729,0.400134979215,2.19853607235,0.565303975278,0.398179888741
0.353219020155,2.38577666029,3.80311490506,2.50207609617,0.0668204928132,0.457055444063
0.800258809803,1.52772594725,5.54030990229,2.32287992923,2.96565223822,0.528560839149
0.830329722059,4.95867522214,1.38190361732,2.04181335655,1.12124879075,0.485202738262
1.7742370125,0.512450122636,1.31368929417,2.40868398758,3.23021301906,0.627482644841
5.06035048204,0.271000519639,2.42439394255,0.494361761171,4.11685476803,0.407342061005
3.19538553272,0.989632742309,0.233789987669,1.17975075518,2.87066404643,0.498462120946
4.63485831345,0.953837754816,5.43065351706,1.1099700309,2.75255285961,0.46726654124
3.22135213318,2.70926532163,0.520022108116,4.16302169581,5.86839978674,0.479291019708
0.221242615503,3.76902223321,3.6352221438,5.56042622588,0.439289597276,0.372725231905
2.81880656993,4.01860727947,4.86828270875,0.851581221572,4.84641969797,0.568639279525
5.80674440148,1.0688304905,1.90222825454,1.5104520051,1.83845553886,0.467720910679
5.78788569572,3.75696524308,4.67791502815,4.07290457194,0.286357368283,0.405257282338
0.753903885576,3.990976224,5.65981715467,2.60395342298,1.06303934411,0.454333190045
5.54481385286,3.8487783683,1.81143627701,3.12864308097,5.60219756928,0.490264157386
5.91065997393,5.6995010582,5.25232096721,2.97240542529,6.00937034876,0.286621084867
3.54102054676,0.910971439314,5.87634268686,4.53792878642,4.06134072547,0.466815053807
2.65334709793,4.03244631618,5.11102848258,2.45790313163,2.75587075983,0.909419706879
2.62382924121,4.31817887186,4.23020711336,0.973181119568,2.47604798321,0.782777026153
3.62928728906,4.07699667291,5.68112306744,0.260526062176,4.91624078056,0.401267340079
3.27183467645,2.2742531751,4.1217308685,0.166838796265,5.16458593876,0.510957029497
1.41162170418,3.38631075731,3.27354630252,0.222035623705,1.96598330161,0.604840448594
5.59231615747,5.6955491221,2.76531611867,5.23765221725,1.18450727319,0.365707385298
1.90196849057,0.256631922414,1.52154529291,4.26198014798,4.55933400047,0.501462104416
1.51656751471,2.43986024408,5.49865919088,2.33684989208,4.22948431404,0.636576705148
2.90956500043,0.483342674955,2.71003260149,2.00593431464,4.03709360425,0.741314386076
3.07472919464,5.01350149085,0.646302365466,0.843469595347,2.94634139379,0.519395044777
0.903242761252,1.05382088119,3.39904485996,4.56226729509,5.0825619927,0.496993575634
3.53530352857,0.518235003894,1.28070468857,4.52218214154,0.402397491115,0.426143730396
4.19585514664,2.74961492225,2.53981058767,0.697730446008,5.15870294684,0.600060725207
4.78013059831,2.99655831176,2.33374666706,5.28569435945,0.15307217383,0.45574349963
2.04828505547,2.02271787674,3.47969539118,3.77487953083,2.87338240068,1.29745108559
4.04508271053,2.70434330415,4.79846216266,0.665043274449,0.942989996201,0.523631764114
5.82635598838,1.29420267343,5.23487591666,3.40713855509,3.04854577462,0.474815285625
0.858151562258,3.30774871377,5.2331031404,2.11990542307,4.31674871627,0.582161389188
5.81222384296,1.13098336156,2.10728508346,0.994570219484,3.01333879592,0.471238153918
0.467104605544,0.784994197179,5.50519369198,3.60412873869,5.74220692084,0.32805734507
3.11366593154,5.19183163826,3.31847396367,3.72569155073,4.6622833385,0.757100524185
0.354382596668,5.15265790716,5.66888483336,3.73748307884,0.702322430395,0.338073378252
5.88110647013,5.0764150307,5.35970375494,3.29535220484,5.73111016921,0.325450156362
4.74741384459,4.02934246007,1.29153688427,0.332276660975,2.1554147769,0.503476016674
3.3414543446,0.517665680781,0.534968224724,5.36853764716,2.83731331393,0.434945355059
2.2544467477,0.560460446457,1.65401513751,0.791428258716,4.92463445712,0.456602551458
5.63274208025,5.96589006326,5.22290956887,0.351000484442,4.5967786506,0.283800157665
2.63471507078,1.45668694171,2.08047073972,5.00391045398,2.49850282823,0.79189487005
1.20754098528,0.0802654528303,2.41131360175,2.13993455132,4.21952761798,0.517832306114
5.06867551565,1.1451718017,3.38023705734,0.102370153655,5.17329912095,0.384854082224
2.20124324965,5.18174339732,2.64321012374,5.57545733129,1.45222478003,0.511406821486
0.321241106253,4.72706695187,3.10163209052,3.42792553138,1.34504680614,0.552766269836
1.67833675329,0.493310504813,1.96870434189,5.16437542805,1.4803672237,0.474210951092
1.59857238829,0.833540440547,0.0659193405329,3.94728576648,1.80678795667,0.442723117413
3.43184262448,3.15599372186,2.59919908859,1.16474876471,2.71677465712,1.13380906718
2.84965926999,4.79759119579,4.72376869914,2.08425233585,4.50499991758,0.697888645747
2.15276447051,5.19332564893,1.70796464335,2.01754299631,3.71863458236,0.731020964989
2.20915234859,4.27347871803,0.999002226216,1.38255860256,5.56033792436,0.489652969165
0.854381462767,2.9213287597,1.25880046124,1.08563425407,3.58570165897,0.60061912248
0.935465019487,4.39017023079,4.93852396658,0.223689547461,5.89632732833,0.322067779784
5.24208090929,3.84273438115,3.78008714322,3.5252869545,1.01648931886,0.642842701906
5.29426131099,3.27667521175,2.54435655323,2.26931298288,5.22925412811,0.623003562843
0.239244916381,1.83734600465,5.28169805591,5.66863102087,0.148517336968,0.290425621037
3.4655366067,2.02492103938,3.94522892112,1.07052244757,3.55070918064,0.901947057762
1.30904555284,0.079628294631,2.88062034812,2.49772818277,5.50774122702,0.435859135635
1.97724540547,4.58610555856,0.333918358612,2.944974631,3.40585018469,0.631413133532
1.65632974225,0.850645664972,1.72926944309,5.56063140939,2.16965390135,0.492945024403
3.90126570284,0.267874315374,5.82677561394,0.481479215627,1.31766341393,0.328508050224
4.08844201234,5.86346479072,5.6177200726,0.887058929816,1.73157168075,0.36616589935
5.21837033622,5.25875946213,3.83159093174,3.50884940605,4.39323940732,0.558199296015
1.91921499978,2.67160032259,3.65324693191,4.16588923557,0.933116222276,0.810768275336
2.44906555591,2.72692918376,2.56829618212,1.50599425493,3.16534702764,1.27814190077
2.24209512507,4.59118067998,1.86874026823,0.530696402567,6.01543640396,0.406895390908
5.88194809106,2.94142413916,5.06200109763,3.38015339322,3.10769539915,0.564429027103
0.612457180026,0.319651078569,3.0091372362,2.31406462426,2.35814076437,0.532844390632
3.70569717218,3.14479626529,2.41136905716,0.529980531589,1.34727246074,0.680366279983
3.64895922016,1.74467001392,5.25621560603,1.97248993371,4.13742257661,0.692663848201
3.27668137574,1.84625375065,4.07751564417,2.91466150646,5.86355799366,0.633875444883
2.62665942971,2.70798443496,5.86406673486,5.24670086617,1.26556739437,0.465474461042
4.99825477784,4.00592779113,6.03974076353,0.90474465365,5.90254519787,0.311917101216
1.67423564213,2.15562637872,2.8023721005,5.91054325636,1.3814032494,0.537611510406
2.23910139341,0.349805596781,2.41028658773,2.14646675613,2.74295358613,0.727545182083
3.4843068424,3.31341031135,1.41308898814,4.37246343915,4.93069269545,0.74281534827
4.85425910008,3.79492628422,2.3590158753,0.999928094624,5.08504023748,0.560892583278
0.111617302911,5.42069662777,4.96971771421,4.6810890145,4.57788515425,0.352136278153
2.35306261898,0.227242950008,0.698731726033,2.47486011107,0.920764738287,0.434753565674
5.77714794392,0.816820372149,2.71868954222,2.16036324208,2.15432014728,0.526922475198
2.52175474324,3.8200932808,4.25411095614,4.85671583203,3.11658464839,0.914490437546
1.39836274831,0.763475961909,5.14860362471,2.88847795059,2.9834811683,0.581514044158
3.02401787094,3.2439091683,1.50925030865,0.412335380835,0.420619234444,0.484692995388
5.25897353356,3.68963695927,4.88652223348,0.99293734292,1.22341758571,0.468997565879
2.93709080621,5.20284724453,4.09246197351,3.52419870446,3.41663360777,0.869691166985
5.45598185962,4.09985501827,1.71437307164,1.11503241747,3.62350514132,0.560656721781
3.71219335122,3.63677864051,0.307672860073,0.156050987299,1.57060400306,0.429321808185
1.11285617614,4.63976848612,5.72939489457,4.71061841818,3.64673284457,0.453633491726
4.36272409239,2.29870179171,4.28185911706,0.543111633717,1.19147621046,0.546476227474
5.46584659956,1.10841926314,5.09676308739,3.32776221844,2.33928159088,0.510233511973
1.31369319852,2.84782474078,5.55322511793,5.5779301007,3.08271940876,0.475323293075
5.79646670888,5.42015817896,3.93197293702,1.27897955958,5.15915005659,0.368055633815
0.447763383524,3.83420783319,4.32646949433,4.21150029142,5.80877535154,0.428700877135
2.44881778992,3.70923072418,0.853082035311,4.05254514815,2.80952990461,0.865037165899
0.686362665368,0.4529805112,3.67965488135,0.955835492446,4.61177350422,0.415306898011
0.460685965723,1.30947035726,2.16495578291,4.39206358313,4.16425572618,0.54654851206
3.8433803314,5.07543025381,2.71144924523,2.70021040439,4.04549633185,0.886139961311
4.92967590263,5.12463146893,0.177064845935,3.19863577416,4.59178844011,0.420522906207
4.72185173758,0.697501608728,2.38202069644,3.12725496931,3.28443975643,0.727522970311
3.9578618064,4.43780030855,2.71865201863,4.60239061883,3.03778956766,0.940467521761
2.2420453178,2.38107061729,3.51991669784,6.00712949758,1.67935246486,0.587722938658
0.980223864128,0.978378053549,1.1676449802,3.61079788676,3.87635677183,0.566089503067
1.59083053969,2.70564171045,3.35727016754,5.47573530803,1.07670105843,0.587254528027
1.27345853323,5.73871399519,5.14785648084,3.44771889984,3.25781761633,0.491117902334
2.6076365448,5.97866592409,3.46037656444,5.3733065468,2.68440320242,0.500737795753
1.94927656698,4.45992752116,5.18286707945,5.17662207028,0.230728090102,0.393594372282
2.82813218685,2.77156318545,3.61217642477,1.12866765494,2.12333810484,1.02807648901
2.53970076763,0.974311128362,0.630134844147,4.54083134902,5.25944779891,0.44621308941
3.52653031856,3.71376878527,1.58782226621,3.35844892778,5.7380540882,0.649082088234
3.52813416083,3.43784672873,3.14095711114,5.58929152992,3.79503516295,0.779604553589
4.67465685017,3.79223500762,5.26702671882,1.02957625706,0.389322442001,0.41203591425
1.95451227408,1.29122509819,2.15376428091,5.17337925178,0.991530745432,0.540932431147
3.61328923436,2.71670218142,2.24320592586,3.5716106036,3.24088410991,1.55911806677
4.26889829284,5.27583113583,3.70586321245,5.93880166017,1.73940619581,0.444179811034
1.03025250686,1.49596564102,2.70110313573,0.746624397525,5.45330678125,0.447872567691
0.787442478371,2.51620871735,3.01155264165,4.83782702085,2.61824629431,0.732442851964
0.949683637104,0.184247303827,3.31987845907,5.55623103048,4.87566142343,0.366474804023
5.65866988999,5.72837113141,4.03043343367,3.25618072309,2.89991719419,0.484262138917
3.77562373647,3.69648155276,1.13162640011,5.06619614065,0.521507110667,0.500260332056
1.40141025934,0.3068975266,3.33689612285,4.16692618708,4.86846881077,0.505697145823
2.19451093107,5.72242337309,0.84813912402,3.11681828575,3.6239714585,0.552672637456
0.948876217076,2.04423888374,0.86291578082,2.36095209161,5.29522418298,0.491058962343
2.45014179211,3.62641783644,5.36003725335,3.82922037782,3.63057012639,0.80973336355
0.143779634747,0.185093597518,1.63103654358,3.75084397944,2.32632826082,0.417129783823
0.865347367514,5.62421724098,4.50819356274,2.42587608735,5.80256351257,0.371721145524
1.53097124227,3.91505572413,4.48525759391,5.58856444803,0.565681986293,0.438059816403
1.94762857951,5.45675052928,5.11475801628,5.18215103977,1.75445686434,0.436138980057
0.681711597607,5.2232741652,5.02860269944,3.23712704796,3.16479464096,0.512399437334
5.81764625076,2.7300059943,0.687030253027,4.91991165249,4.04423793034,0.43218293782
3.6411039345,4.18089899355,4.41496491517,3.00538208614,3.3180775766,1.12247747888
5.66374529543,0.967825609026,1.60082225704,1.73490777782,5.74397966348,0.366127993309
0.51881672786,5.47760490088,3.86042728363,3.1183124407,3.2967653441,0.551353048026
1.78058355313,5.40420053102,2.61316157264,3.05329780431,5.13626856194,0.58881424892
0.349454148079,5.41634260481,4.12893003733,0.586724832894,4.88431527241,0.350715629931
5.19284958793,2.26096270783,4.32816117808,2.18222866544,0.823675132755,0.570648659941
4.02755985108,5.54536174899,2.67743752498,4.79891762486,1.52830021287,0.554299232787
5.63305935372,5.30282703217,2.80059355818,2.98415154688,5.22695874601,0.449733849008
2.5461752884,4.58507211265,2.26402038589,6.03506699352,6.03736786883,0.374569549038
4.57141069626,3.20557205629,5.72332810395,5.10470196744,1.790913341,0.48031274133
0.809257680901,3.79069778422,4.5025859742,3.61185534438,5.33791538414,0.539882910323
3.50881493638,1.1101286957,2.26997213339,1.9619037661,2.54523336745,0.939152025357
3.19785288253,3.99955401134,1.59374863243,5.36733009359,0.294906199637,0.477610089526
6.00740644746,1.48714962509,1.42198825594,3.71498507037,3.6215256355,0.507078084226
0.25781233575,2.58072303163,1.0042590847,5.32282568879,1.49504824723,0.410867154853
3.9338788833,5.97892082922,5.61424934764,2.72446086401,5.77271291342,0.340782179256
4.01909633477,2.75915673948,2.23485850706,0.767480056988,3.38951812039,0.846175887074
1.60032279815,1.56758295629,1.94014415307,2.32554855261,3.08382082311,0.943741675216
6.01380380345,3.19853696901,1.22849191034,2.59887618291,5.38976477812,0.432291347177
4.17269511933,0.890497235705,4.14905687297,0.414332866942,5.48851962258,0.399617136608
5.78137070705,5.8833687232,2.25899773945,4.74962056752,5.06143665341,0.345905669687
2.36086863572,5.11407285327,5.26144555502,5.23102259315,4.70898436662,0.43687164715
0.530211379687,3.64265176121,4.2232119521,0.608842734658,4.55288337485,0.473077526082
0.210206156854,0.289822955846,4.42516497651,1.74391582931,3.0689535627,0.421201487805
2.69586147125,3.81159545194,3.19674263471,1.02023120311,3.99616733614,0.934428451567
5.27140513721,3.23627168009,1.91735384803,5.25122783808,1.05090807103,0.493724406788
3.62972063598,5.8696809158,5.57409273039,4.57097438453,2.38420367326,0.432811703589
2.88645160218,2.67303645738,0.58317437353,5.58753983837,4.67220777893,0.48893812269
3.23776486143,2.03883989786,0.366031017731,5.22026413217,3.51890762524,0.551968026763
0.318575947193,2.08219926925,3.18237303524,1.1038277375,1.73908853087,0.547914581156
3.9524494792,5.57160828605,5.33603374547,0.526698175063,4.97373688875,0.357267363919
6.00394908972,2.0806943518,5.20925416285,3.64101733172,1.05490795688,0.417642501592
3.35678498671,1.25479717773,2.29569940121,1.2057708015,0.978587296545,0.626000211969
0.986409569065,3.80080057529,3.55810007916,2.33294408889,3.95335946695,0.880191691696
2.72340462857,4.21623043866,4.84840815952,5.91666259123,5.5401303853,0.401098733788
1.04313546595,1.01480434691,3.53489354223,6.00432190828,1.68460474924,0.41994492329
0.325588539956,4.33447833659,1.19734160447,5.36725714737,2.26060532789,0.428568417652
1.61260824295,1.98961928513,3.49353297662,4.56964295476,0.881732045623,0.660495960807
3.1365830078,4.10471681946,2.44657446696,6.0322926359,0.469857584566,0.451635418465
5.19765809522942,2.41499188700691,2.27147397510707,2.3068634795025,5.8262092621997,0.52163255062085
5.87005495298654,0.629606860876083,4.75954672154039,3.60408123321831,1.8555726652965,0.423251547345449
5.12378218136728,5.74229742186144,1.97311110999435,4.77146034240723,5.82527188463137,0.342402670856068
4.92165904883295,1.86890109134838,1.47979911481962,2.67499660812318,0.86728294910863,0.590413635773988
0.68823445700109,2.56463371515274,5.95631792414933,0.377629250939935,1.80978149706498,0.362751673949224
3.8003988193348,1.75260020392016,0.719333214871585,3.19966704929247,3.5014294648543,0.788060322193035
4.76111651789397,4.36866311421618,4.84307811986655,4.47675815336406,4.53481129156426,0.55840442916698
1.58853312181309,1.25315793622285,0.745363987702876,2.22225555982441,0.362070569489151,0.440710401453769
3.91313922377303,5.76377876028419,4.4538336481899,2.83329355595633,1.46986109875143,0.55694654036965
1.87680429145694,2.44391889376566,0.36527552427724,0.238321923837066,0.534251189976931,0.367385690245095
1.63144616242498,3.52506287228316,0.23672763556242,3.78337559727952,3.7365333202295,0.627334332833626
5.05774785783142,1.23885659612715,0.175580957625061,2.3696839466691,4.17804752867669,0.452521663113127
2.84021139070392,1.92459160014987,1.20763846039772,1.18118987623602,0.164687894936651,0.482121476877615
4.93155510649085,0.60804794235155,1.45136976540089,0.773675820045173,1.93765537319705,0.436001691426613
5.54654237460345,5.49332108227536,4.08171303169802,0.0906952784396708,0.999987691827118,0.319124482099253
5.88230584627017,0.590000597015023,5.91897047422826,5.74712096406147,3.1562194458209,0.284032401242971
5.01579971257597,4.90120307700708,2.72035105964169,4.37993597490713,4.43747360510752,0.597843739838211
3.37023492595181,0.466825063992292,0.065808442607522,0.58688006894663,5.91878759227693,0.289804687921538
0.659507020562887,5.48947026273236,4.78547327937558,5.42730205431581,3.74051845278591,0.38017830535061
3.92250956008211,5.57141761267558,3.24299349375069,1.26386742545292,3.01627257671207,0.643638177531926
4.95259556937963,0.651184613537043,3.82284537721425,3.91780486488715,2.03604021081701,0.596010711827323
5.75407080370933,5.48017231812701,2.30058170687407,3.2792269077152,4.35448302533478,0.473083028065172
2.13242378104478,1.40245853150263,4.91815697792917,1.22533064074814,0.89422721946612,0.51104146559611
1.89295049542561,4.71131139872596,4.76941596269608,5.75135620841756,1.03180470615625,0.421430022459717
